image_name,target
ISIC_0052060,0.008530478933806988
ISIC_0052349,0.00842775661452177
ISIC_0058510,0.014630199843023608
ISIC_0073313,0.008415931616036676
ISIC_0073502,0.0075476899945982594
ISIC_0074618,0.013768010652633004
ISIC_0076801,0.02276706569407167
ISIC_0077586,0.013768010652633004
ISIC_0082004,0.015126664736954419
ISIC_0082785,0.018668244138113535
ISIC_0085332,0.005941811339670448
ISIC_0087243,0.023642728502995952
ISIC_0088167,0.001335580035090993
ISIC_0089356,0.019795822322538497
ISIC_0090283,0.053025144868233696
ISIC_0092481,0.015466518943151947
ISIC_0095455,0.002920195951381101
ISIC_0095790,0.02588051704591062
ISIC_0097719,0.008056864087086356
ISIC_0099348,0.01740123568596671
ISIC_0101040,0.013768010652633004
ISIC_0101383,0.012328910648590203
ISIC_0105104,0.005941811339670448
ISIC_0108196,0.053025144868233696
ISIC_0112420,0.019795822322538497
ISIC_0114232,0.005941811339670448
ISIC_0115798,0.03203972185253144
ISIC_0116844,0.014630199843023608
ISIC_0126432,0.014127256148629088
ISIC_0131485,0.008530478933806988
ISIC_0131912,0.005941811339670448
ISIC_0131978,0.02257937226692887
ISIC_0139322,0.002920195951381101
ISIC_0142066,0.007772264078099276
ISIC_0143109,0.02276706569407167
ISIC_0148210,0.00842775661452177
ISIC_0148937,0.0722848228658311
ISIC_0150213,0.019795822322538497
ISIC_0152553,0.012629440268433077
ISIC_0153127,0.012131003805092005
ISIC_0154289,0.004771489988483082
ISIC_0155813,0.012328910648590203
ISIC_0155983,0.03433809174678591
ISIC_0157088,0.00842775661452177
ISIC_0158761,0.005350620887011314
ISIC_0161963,0.001271369456480849
ISIC_0165178,0.03398822797002655
ISIC_0165230,0.007772264078099276
ISIC_0165615,0.008056864087086356
ISIC_0165617,0.00842775661452177
ISIC_0165674,0.005941811339670448
ISIC_0165928,0.01976165566860573
ISIC_0166561,0.02276706569407167
ISIC_0168125,0.005941811339670448
ISIC_0169378,0.00598938882998317
ISIC_0169575,0.014630199843023608
ISIC_0169906,0.02257937226692887
ISIC_0171865,0.05057779387792067
ISIC_0172678,0.023642728502995952
ISIC_0174800,0.015466518943151947
ISIC_0175014,0.001335580035090993
ISIC_0175798,0.014630199843023608
ISIC_0176152,0.014127256148629088
ISIC_0177083,0.005941811339670448
ISIC_0178235,0.0013631177677732816
ISIC_0178258,0.00842775661452177
ISIC_0178428,0.015466518943151947
ISIC_0178741,0.04710108907479712
ISIC_0180057,0.015466518943151947
ISIC_0182213,0.057474765770364394
ISIC_0183334,0.018069681554864478
ISIC_0183449,0.014915344873685754
ISIC_0183658,0.014127256148629088
ISIC_0183771,0.02588051704591062
ISIC_0186715,0.004771489988483082
ISIC_0187786,0.005941811339670448
ISIC_0188485,0.00842775661452177
ISIC_0191895,0.023642728502995952
ISIC_0192184,0.0191434358070837
ISIC_0192807,0.011700519164688231
ISIC_0193289,0.012629440268433077
ISIC_0194115,0.008056864087086356
ISIC_0195744,0.0055009873008861196
ISIC_0195995,0.00842775661452177
ISIC_0196159,0.012328910648590203
ISIC_0196622,0.012328910648590203
ISIC_0196807,0.012131003805092005
ISIC_0197182,0.007147158025622071
ISIC_0197440,0.003148152939857341
ISIC_0197860,0.014127256148629088
ISIC_0198376,0.00598938882998317
ISIC_0198622,0.007777789616118136
ISIC_0199195,0.012629440268433077
ISIC_0199718,0.014127256148629088
ISIC_0199780,0.03843927835789775
ISIC_0200120,0.048179677594638655
ISIC_0204399,0.00906790235263338
ISIC_0204875,0.00906790235263338
ISIC_0205627,0.015126664736954419
ISIC_0206261,0.012328910648590203
ISIC_0206934,0.023642728502995952
ISIC_0207197,0.0028434929779356626
ISIC_0208233,0.014915344873685754
ISIC_0209640,0.013452507403621503
ISIC_0210915,0.0129722229409786
ISIC_0212435,0.014127256148629088
ISIC_0212468,0.013452507403621503
ISIC_0213848,0.03433809174678591
ISIC_0216203,0.009927804828760723
ISIC_0216447,0.19300926764475035
ISIC_0220438,0.03433809174678591
ISIC_0220466,0.019795822322538497
ISIC_0223354,0.008530478933806988
ISIC_0223463,0.008056864087086356
ISIC_0223760,0.0029382760772001847
ISIC_0224309,0.05268520195616736
ISIC_0225471,0.005350620887011314
ISIC_0225894,0.00842775661452177
ISIC_0226234,0.010503558736325164
ISIC_0227767,0.008056864087086356
ISIC_0228452,0.007772264078099276
ISIC_0229266,0.014127256148629088
ISIC_0230247,0.015466518943151947
ISIC_0230499,0.0055009873008861196
ISIC_0231539,0.007772264078099276
ISIC_0231788,0.009927804828760723
ISIC_0232763,0.02588051704591062
ISIC_0235107,0.008415931616036676
ISIC_0235501,0.03398822797002655
ISIC_0235505,0.008415931616036676
ISIC_0235542,0.031127334649255597
ISIC_0238185,0.015126664736954419
ISIC_0238872,0.015725311437139004
ISIC_0239635,0.009927804828760723
ISIC_0240839,0.015126664736954419
ISIC_0241566,0.02276706569407167
ISIC_0243686,0.002920195951381101
ISIC_0243937,0.009927804828760723
ISIC_0244266,0.005941811339670448
ISIC_0244465,0.014915344873685754
ISIC_0244617,0.06560684379920026
ISIC_0244885,0.015126664736954419
ISIC_0245273,0.03203972185253144
ISIC_0246008,0.019795822322538497
ISIC_0246211,0.0028434929779356626
ISIC_0248702,0.002920195951381101
ISIC_0251455,0.01663743219668443
ISIC_0251656,0.00842775661452177
ISIC_0252811,0.015126664736954419
ISIC_0254594,0.005941811339670448
ISIC_0255112,0.005941811339670448
ISIC_0256267,0.00842775661452177
ISIC_0258149,0.053025144868233696
ISIC_0258489,0.015126664736954419
ISIC_0258717,0.04710108907479712
ISIC_0259209,0.004683565060183669
ISIC_0259237,0.005941811339670448
ISIC_0261866,0.001271369456480849
ISIC_0261904,0.005941811339670448
ISIC_0261907,0.014630199843023608
ISIC_0262392,0.002920195951381101
ISIC_0262492,0.015126664736954419
ISIC_0263920,0.008530478933806988
ISIC_0265011,0.01689884214140311
ISIC_0267082,0.005941811339670448
ISIC_0268025,0.023642728502995952
ISIC_0268451,0.023642728502995952
ISIC_0269476,0.014915344873685754
ISIC_0270022,0.012629440268433077
ISIC_0270367,0.007772264078099276
ISIC_0271223,0.008056864087086356
ISIC_0272190,0.014630199843023608
ISIC_0273533,0.02124106680394157
ISIC_0274458,0.01740123568596671
ISIC_0274698,0.01976165566860573
ISIC_0274789,0.0722848228658311
ISIC_0276718,0.005350620887011314
ISIC_0280382,0.009927804828760723
ISIC_0280752,0.0055009873008861196
ISIC_0280782,0.057474765770364394
ISIC_0280827,0.014127256148629088
ISIC_0281227,0.012629440268433077
ISIC_0282269,0.02588051704591062
ISIC_0282486,0.004771489988483082
ISIC_0282737,0.02276706569407167
ISIC_0284147,0.0038325340137393715
ISIC_0284441,0.02588051704591062
ISIC_0284485,0.012131003805092005
ISIC_0285491,0.012131003805092005
ISIC_0285697,0.0129722229409786
ISIC_0286688,0.02276706569407167
ISIC_0287132,0.014630199843023608
ISIC_0287325,0.023642728502995952
ISIC_0288225,0.0075476899945982594
ISIC_0290187,0.009952575752890295
ISIC_0291705,0.023642728502995952
ISIC_0292996,0.0013631177677732816
ISIC_0294150,0.013768010652633004
ISIC_0296540,0.03398822797002655
ISIC_0297539,0.018613614520153192
ISIC_0297702,0.0075476899945982594
ISIC_0298417,0.008415931616036676
ISIC_0299870,0.008056864087086356
ISIC_0300002,0.005941811339670448
ISIC_0301547,0.03203972185253144
ISIC_0301769,0.0055009873008861196
ISIC_0304467,0.004683565060183669
ISIC_0304666,0.008530478933806988
ISIC_0304667,0.008056864087086356
ISIC_0306094,0.009927804828760723
ISIC_0307004,0.0129722229409786
ISIC_0307411,0.008415931616036676
ISIC_0309192,0.010503558736325164
ISIC_0309503,0.01740123568596671
ISIC_0310320,0.014127256148629088
ISIC_0311235,0.013918149839369296
ISIC_0311814,0.03433809174678591
ISIC_0312717,0.008056864087086356
ISIC_0313675,0.007772264078099276
ISIC_0317285,0.012629440268433077
ISIC_0318934,0.01740123568596671
ISIC_0319131,0.004771489988483082
ISIC_0319990,0.0075476899945982594
ISIC_0320662,0.015126664736954419
ISIC_0321218,0.011497602041218113
ISIC_0321906,0.0721550682608462
ISIC_0321948,0.06560684379920026
ISIC_0322514,0.01976165566860573
ISIC_0327756,0.05268520195616736
ISIC_0328346,0.008530478933806988
ISIC_0328687,0.007772264078099276
ISIC_0328823,0.009927804828760723
ISIC_0329169,0.009952575752890295
ISIC_0329910,0.018668244138113535
ISIC_0330060,0.009927804828760723
ISIC_0330886,0.0191434358070837
ISIC_0332421,0.023642728502995952
ISIC_0332456,0.023642728502995952
ISIC_0334179,0.007147158025622071
ISIC_0335244,0.019791146041157958
ISIC_0335886,0.0129722229409786
ISIC_0336093,0.014127256148629088
ISIC_0338118,0.005941811339670448
ISIC_0338587,0.012174434661010843
ISIC_0339455,0.012131003805092005
ISIC_0340198,0.019795822322538497
ISIC_0340572,0.008056864087086356
ISIC_0341315,0.053025144868233696
ISIC_0343131,0.012131003805092005
ISIC_0343283,0.029982022158407822
ISIC_0346766,0.0055009873008861196
ISIC_0347157,0.023642728502995952
ISIC_0348342,0.012328910648590203
ISIC_0350347,0.022212847455476865
ISIC_0350470,0.023642728502995952
ISIC_0351156,0.0028434929779356626
ISIC_0351912,0.012328910648590203
ISIC_0352620,0.008056864087086356
ISIC_0353021,0.012131003805092005
ISIC_0355377,0.029982022158407822
ISIC_0358260,0.014915344873685754
ISIC_0358623,0.005941811339670448
ISIC_0359676,0.015126664736954419
ISIC_0359720,0.029982022158407822
ISIC_0361122,0.013768010652633004
ISIC_0366488,0.015466518943151947
ISIC_0367795,0.005941811339670448
ISIC_0367988,0.03433809174678591
ISIC_0368092,0.0055009873008861196
ISIC_0368696,0.023642728502995952
ISIC_0369888,0.014127256148629088
ISIC_0370322,0.015126664736954419
ISIC_0371470,0.007772264078099276
ISIC_0371907,0.00987847536678138
ISIC_0372927,0.015126664736954419
ISIC_0372955,0.018069681554864478
ISIC_0372971,0.03433809174678591
ISIC_0373723,0.023642728502995952
ISIC_0375431,0.014127256148629088
ISIC_0377642,0.010503558736325164
ISIC_0378391,0.00598938882998317
ISIC_0378668,0.014127256148629088
ISIC_0379549,0.004771489988483082
ISIC_0380224,0.00842775661452177
ISIC_0381595,0.015126664736954419
ISIC_0382931,0.015126664736954419
ISIC_0383641,0.002920195951381101
ISIC_0383780,0.007772264078099276
ISIC_0385415,0.03433809174678591
ISIC_0385463,0.07419192833972765
ISIC_0385865,0.02276706569407167
ISIC_0388802,0.006640600724187732
ISIC_0389010,0.03433809174678591
ISIC_0389392,0.002920195951381101
ISIC_0389675,0.005941811339670448
ISIC_0390209,0.011497602041218113
ISIC_0391046,0.02257937226692887
ISIC_0391777,0.009927804828760723
ISIC_0392680,0.053025144868233696
ISIC_0392931,0.005350620887011314
ISIC_0393891,0.009794253590667282
ISIC_0394533,0.03433809174678591
ISIC_0394763,0.004771489988483082
ISIC_0394802,0.05849383163275574
ISIC_0395681,0.01740123568596671
ISIC_0395885,0.009927804828760723
ISIC_0398134,0.005350620887011314
ISIC_0400652,0.012629440268433077
ISIC_0401679,0.009927804828760723
ISIC_0403198,0.009952575752890295
ISIC_0406137,0.008415931616036676
ISIC_0407054,0.005941811339670448
ISIC_0407220,0.005876552154400369
ISIC_0408372,0.012328910648590203
ISIC_0408969,0.009952575752890295
ISIC_0409388,0.005941811339670448
ISIC_0410649,0.008056864087086356
ISIC_0411243,0.007147158025622071
ISIC_0414776,0.00842775661452177
ISIC_0416431,0.0129722229409786
ISIC_0416708,0.018613614520153192
ISIC_0418978,0.012131003805092005
ISIC_0419005,0.0075476899945982594
ISIC_0421107,0.001271369456480849
ISIC_0424070,0.029982022158407822
ISIC_0426960,0.01689884214140311
ISIC_0427371,0.005941811339670448
ISIC_0429551,0.015126664736954419
ISIC_0431350,0.006640600724187732
ISIC_0431499,0.019795822322538497
ISIC_0431738,0.008056864087086356
ISIC_0432133,0.014630199843023608
ISIC_0432265,0.014127256148629088
ISIC_0432894,0.011497602041218113
ISIC_0433895,0.007835449297397983
ISIC_0434253,0.004683565060183669
ISIC_0434274,0.012131003805092005
ISIC_0434285,0.007772264078099276
ISIC_0434890,0.02298990630814576
ISIC_0434920,0.011700519164688231
ISIC_0435283,0.023642728502995952
ISIC_0435396,0.0029382760772001847
ISIC_0436298,0.004683565060183669
ISIC_0436727,0.024793036214666993
ISIC_0436779,0.007835449297397983
ISIC_0436884,0.03843927835789775
ISIC_0437081,0.043601546446483334
ISIC_0437384,0.009927804828760723
ISIC_0437987,0.008056864087086356
ISIC_0438584,0.03203972185253144
ISIC_0439475,0.007772264078099276
ISIC_0441244,0.014630199843023608
ISIC_0442293,0.012629440268433077
ISIC_0442567,0.004683565060183669
ISIC_0445097,0.0075476899945982594
ISIC_0446097,0.005941811339670448
ISIC_0446287,0.008056864087086356
ISIC_0446447,0.023642728502995952
ISIC_0448691,0.008415931616036676
ISIC_0450552,0.008415931616036676
ISIC_0451155,0.018069681554864478
ISIC_0451665,0.005350620887011314
ISIC_0452297,0.03433809174678591
ISIC_0453555,0.00598938882998317
ISIC_0454124,0.037189554322000495
ISIC_0454916,0.005941811339670448
ISIC_0456176,0.0722848228658311
ISIC_0456797,0.010503558736325164
ISIC_0457344,0.02588051704591062
ISIC_0457384,0.009927804828760723
ISIC_0457494,0.023642728502995952
ISIC_0457530,0.00598938882998317
ISIC_0457688,0.02588051704591062
ISIC_0459718,0.015126664736954419
ISIC_0460023,0.009118787825793676
ISIC_0460170,0.019795822322538497
ISIC_0460323,0.0013156460047165006
ISIC_0461615,0.009927804828760723
ISIC_0462037,0.02276706569407167
ISIC_0462120,0.010503558736325164
ISIC_0462327,0.007772264078099276
ISIC_0462336,0.009927804828760723
ISIC_0462792,0.0075476899945982594
ISIC_0463800,0.012131003805092005
ISIC_0464417,0.004683565060183669
ISIC_0465975,0.015126664736954419
ISIC_0467617,0.015466518943151947
ISIC_0468644,0.005350620887011314
ISIC_0469457,0.004683565060183669
ISIC_0470465,0.011700519164688231
ISIC_0470699,0.1360185352895007
ISIC_0473489,0.008056864087086356
ISIC_0474220,0.03060723748225591
ISIC_0476927,0.014127256148629088
ISIC_0477213,0.004807738528552053
ISIC_0477217,0.00598938882998317
ISIC_0477424,0.012131003805092005
ISIC_0477793,0.005350620887011314
ISIC_0477875,0.0075476899945982594
ISIC_0477986,0.004771489988483082
ISIC_0479726,0.012629440268433077
ISIC_0479755,0.013743965727695834
ISIC_0480158,0.011707822656926081
ISIC_0481105,0.0722848228658311
ISIC_0482298,0.014630199843023608
ISIC_0482617,0.008056864087086356
ISIC_0485889,0.012131003805092005
ISIC_0486436,0.008415931616036676
ISIC_0487789,0.05057779387792067
ISIC_0488846,0.012629440268433077
ISIC_0490555,0.014630199843023608
ISIC_0492058,0.015126664736954419
ISIC_0493101,0.02588051704591062
ISIC_0493429,0.00598938882998317
ISIC_0493786,0.0013631177677732816
ISIC_0495167,0.0055009873008861196
ISIC_0495234,0.0055009873008861196
ISIC_0495887,0.02588051704591062
ISIC_0495948,0.03060723748225591
ISIC_0497721,0.0055009873008861196
ISIC_0498659,0.011700519164688231
ISIC_0500319,0.02257937226692887
ISIC_0500851,0.005941811339670448
ISIC_0501199,0.013768010652633004
ISIC_0501295,0.014630199843023608
ISIC_0502032,0.013452507403621503
ISIC_0502364,0.0075476899945982594
ISIC_0504453,0.014127256148629088
ISIC_0504686,0.015466518943151947
ISIC_0504935,0.014630199843023608
ISIC_0505403,0.03433809174678591
ISIC_0505447,0.03843927835789775
ISIC_0506082,0.009927804828760723
ISIC_0506198,0.03203972185253144
ISIC_0508596,0.007772264078099276
ISIC_0509538,0.007772264078099276
ISIC_0510408,0.010537040391233472
ISIC_0510439,0.0029382760772001847
ISIC_0510794,0.015725311437139004
ISIC_0511981,0.005350620887011314
ISIC_0513674,0.0028434929779356626
ISIC_0513808,0.03203972185253144
ISIC_0515041,0.012131003805092005
ISIC_0515737,0.014630199843023608
ISIC_0517531,0.019791146041157958
ISIC_0517673,0.008056864087086356
ISIC_0519860,0.018668244138113535
ISIC_0520611,0.029982022158407822
ISIC_0521580,0.015466518943151947
ISIC_0521689,0.005941811339670448
ISIC_0521877,0.014630199843023608
ISIC_0522569,0.014630199843023608
ISIC_0523596,0.007772264078099276
ISIC_0524466,0.0032249371579026417
ISIC_0524604,0.010503558736325164
ISIC_0525213,0.015126664736954419
ISIC_0525405,0.0721550682608462
ISIC_0527588,0.014915344873685754
ISIC_0528304,0.02276706569407167
ISIC_0528945,0.008056864087086356
ISIC_0530946,0.004683565060183669
ISIC_0532813,0.02124106680394157
ISIC_0533917,0.023642728502995952
ISIC_0535264,0.0075476899945982594
ISIC_0535812,0.004683565060183669
ISIC_0536393,0.0075476899945982594
ISIC_0537310,0.005941811339670448
ISIC_0537430,0.03433809174678591
ISIC_0538335,0.012629440268433077
ISIC_0538391,0.031312262271327655
ISIC_0539046,0.01976165566860573
ISIC_0539432,0.0075476899945982594
ISIC_0539662,0.01740123568596671
ISIC_0541206,0.011700519164688231
ISIC_0542744,0.012131003805092005
ISIC_0542899,0.0028434929779356626
ISIC_0543866,0.0075476899945982594
ISIC_0544482,0.02298990630814576
ISIC_0545219,0.032818041260116185
ISIC_0545222,0.02276706569407167
ISIC_0546119,0.015126664736954419
ISIC_0546506,0.03843927835789775
ISIC_0546632,0.0027262355355465633
ISIC_0546682,0.014630199843023608
ISIC_0547086,0.07128086699269456
ISIC_0548182,0.03433809174678591
ISIC_0548968,0.012629440268433077
ISIC_0550777,0.02588051704591062
ISIC_0554395,0.015126664736954419
ISIC_0554507,0.04222222620740611
ISIC_0554535,0.014630199843023608
ISIC_0554819,0.04222222620740611
ISIC_0555540,0.008056864087086356
ISIC_0556297,0.005350620887011314
ISIC_0556505,0.0055009873008861196
ISIC_0556568,0.015126664736954419
ISIC_0557285,0.005350620887011314
ISIC_0557595,0.015466518943151947
ISIC_0557850,0.015126664736954419
ISIC_0558458,0.005941811339670448
ISIC_0558563,0.012131003805092005
ISIC_0558899,0.008056864087086356
ISIC_0559101,0.01689884214140311
ISIC_0561202,0.009927804828760723
ISIC_0564203,0.014630199843023608
ISIC_0565070,0.014630199843023608
ISIC_0567332,0.03433809174678591
ISIC_0570796,0.02276706569407167
ISIC_0571162,0.0129722229409786
ISIC_0571336,0.014127256148629088
ISIC_0572486,0.029982022158407822
ISIC_0574930,0.013768010652633004
ISIC_0576125,0.019795822322538497
ISIC_0578316,0.005350620887011314
ISIC_0578354,0.03433809174678591
ISIC_0579350,0.0028434929779356626
ISIC_0579367,0.012629440268433077
ISIC_0580265,0.010537040391233472
ISIC_0582447,0.00842775661452177
ISIC_0582531,0.0055009873008861196
ISIC_0583833,0.0722848228658311
ISIC_0584197,0.019795822322538497
ISIC_0585534,0.07128086699269456
ISIC_0586493,0.009952575752890295
ISIC_0586601,0.005350620887011314
ISIC_0587024,0.014127256148629088
ISIC_0587027,0.018668244138113535
ISIC_0587527,0.04350308921491678
ISIC_0588157,0.012174434661010843
ISIC_0588162,0.0055009873008861196
ISIC_0588352,0.018613614520153192
ISIC_0589061,0.015466518943151947
ISIC_0590646,0.015126664736954419
ISIC_0591142,0.04350308921491678
ISIC_0591685,0.005941811339670448
ISIC_0592225,0.0029382760772001847
ISIC_0592796,0.008530478933806988
ISIC_0594374,0.019795822322538497
ISIC_0594932,0.023415645313852162
ISIC_0595682,0.001335580035090993
ISIC_0596005,0.005941811339670448
ISIC_0596499,0.00598938882998317
ISIC_0598190,0.0075476899945982594
ISIC_0598769,0.0721550682608462
ISIC_0600649,0.008415931616036676
ISIC_0600710,0.008056864087086356
ISIC_0602170,0.004722229409786011
ISIC_0602633,0.03019259795930689
ISIC_0603307,0.014915344873685754
ISIC_0604055,0.004771489988483082
ISIC_0604516,0.003148152939857341
ISIC_0605259,0.006640600724187732
ISIC_0606244,0.03433809174678591
ISIC_0607037,0.018613614520153192
ISIC_0607397,0.012131003805092005
ISIC_0607473,0.008056864087086356
ISIC_0607693,0.008415931616036676
ISIC_0608042,0.031312262271327655
ISIC_0608105,0.00842775661452177
ISIC_0608330,0.014915344873685754
ISIC_0609220,0.0038325340137393715
ISIC_0609770,0.0055009873008861196
ISIC_0610325,0.008415931616036676
ISIC_0611293,0.008056864087086356
ISIC_0611390,0.005941811339670448
ISIC_0611822,0.005941811339670448
ISIC_0612337,0.015126664736954419
ISIC_0613199,0.005941811339670448
ISIC_0613239,0.012629440268433077
ISIC_0613293,0.007772264078099276
ISIC_0613555,0.02276706569407167
ISIC_0613748,0.0038325340137393715
ISIC_0615241,0.008415931616036676
ISIC_0616900,0.008530478933806988
ISIC_0619695,0.00906790235263338
ISIC_0620316,0.019795822322538497
ISIC_0620379,0.01740123568596671
ISIC_0620581,0.008056864087086356
ISIC_0621355,0.015126664736954419
ISIC_0621919,0.005941811339670448
ISIC_0622203,0.015126664736954419
ISIC_0622461,0.0129722229409786
ISIC_0623254,0.008056864087086356
ISIC_0623493,0.04222222620740611
ISIC_0623650,0.031312262271327655
ISIC_0624194,0.0055009873008861196
ISIC_0627128,0.04295322167036864
ISIC_0627467,0.02588051704591062
ISIC_0631039,0.010537040391233472
ISIC_0633018,0.00413195073356276
ISIC_0633831,0.0191434358070837
ISIC_0634161,0.015466518943151947
ISIC_0634896,0.06654972878673772
ISIC_0635396,0.00598938882998317
ISIC_0635721,0.02588051704591062
ISIC_0636920,0.012629440268433077
ISIC_0637104,0.04295322167036864
ISIC_0637231,0.032818041260116185
ISIC_0639631,0.023642728502995952
ISIC_0640439,0.005941811339670448
ISIC_0641371,0.03433809174678591
ISIC_0644758,0.0055009873008861196
ISIC_0644873,0.012328910648590203
ISIC_0645560,0.012131003805092005
ISIC_0646211,0.015126664736954419
ISIC_0646723,0.013768010652633004
ISIC_0647385,0.031312262271327655
ISIC_0649394,0.005350620887011314
ISIC_0650063,0.015725311437139004
ISIC_0650090,0.012131003805092005
ISIC_0653629,0.009927804828760723
ISIC_0653693,0.008415931616036676
ISIC_0653761,0.0722848228658311
ISIC_0654120,0.005941811339670448
ISIC_0655378,0.029982022158407822
ISIC_0655512,0.02276706569407167
ISIC_0656308,0.015126664736954419
ISIC_0660782,0.03398822797002655
ISIC_0660925,0.0035735790128110356
ISIC_0662288,0.03203972185253144
ISIC_0663197,0.05057779387792067
ISIC_0663707,0.0038325340137393715
ISIC_0664454,0.018069681554864478
ISIC_0664524,0.00598938882998317
ISIC_0665430,0.004683565060183669
ISIC_0665521,0.0129722229409786
ISIC_0667449,0.02257937226692887
ISIC_0668855,0.005941811339670448
ISIC_0669360,0.013452507403621503
ISIC_0671119,0.0078052151046173876
ISIC_0673217,0.0075476899945982594
ISIC_0673441,0.0721550682608462
ISIC_0673705,0.007147158025622071
ISIC_0673777,0.008530478933806988
ISIC_0673970,0.001335580035090993
ISIC_0674308,0.008530478933806988
ISIC_0674636,0.022212847455476865
ISIC_0674769,0.019791146041157958
ISIC_0675554,0.023642728502995952
ISIC_0675743,0.008530478933806988
ISIC_0676272,0.07128086699269456
ISIC_0676443,0.0075476899945982594
ISIC_0676863,0.031127334649255597
ISIC_0677660,0.01740123568596671
ISIC_0678034,0.012629440268433077
ISIC_0680997,0.09685926462597355
ISIC_0681019,0.01740123568596671
ISIC_0681410,0.02588051704591062
ISIC_0681751,0.005350620887011314
ISIC_0682057,0.023642728502995952
ISIC_0682495,0.005941811339670448
ISIC_0682907,0.008056864087086356
ISIC_0682960,0.03398822797002655
ISIC_0684256,0.00906790235263338
ISIC_0684654,0.014630199843023608
ISIC_0684862,0.010503558736325164
ISIC_0685033,0.0055009873008861196
ISIC_0685067,0.012131003805092005
ISIC_0686961,0.00842775661452177
ISIC_0689307,0.02276706569407167
ISIC_0692073,0.005350620887011314
ISIC_0695000,0.0055009873008861196
ISIC_0695255,0.018668244138113535
ISIC_0695851,0.009952575752890295
ISIC_0697455,0.03433809174678591
ISIC_0698209,0.005941811339670448
ISIC_0700078,0.03203972185253144
ISIC_0700201,0.005350620887011314
ISIC_0701187,0.013768010652633004
ISIC_0701649,0.014630199843023608
ISIC_0701776,0.007772264078099276
ISIC_0703440,0.019795822322538497
ISIC_0703903,0.005941811339670448
ISIC_0703979,0.013768010652633004
ISIC_0704243,0.002920195951381101
ISIC_0704245,0.004683565060183669
ISIC_0704435,0.00598938882998317
ISIC_0705764,0.00842775661452177
ISIC_0705909,0.008056864087086356
ISIC_0707036,0.009927804828760723
ISIC_0707359,0.0055009873008861196
ISIC_0707819,0.008530478933806988
ISIC_0708442,0.0129722229409786
ISIC_0708867,0.0035735790128110356
ISIC_0708878,0.03398822797002655
ISIC_0710840,0.012629440268433077
ISIC_0712978,0.0055009873008861196
ISIC_0713157,0.0055009873008861196
ISIC_0714126,0.00842775661452177
ISIC_0714540,0.005941811339670448
ISIC_0715784,0.015126664736954419
ISIC_0715864,0.023642728502995952
ISIC_0716650,0.012328910648590203
ISIC_0717635,0.015126664736954419
ISIC_0718698,0.0028434929779356626
ISIC_0719763,0.005350620887011314
ISIC_0720050,0.018613614520153192
ISIC_0720319,0.013768010652633004
ISIC_0721575,0.03203972185253144
ISIC_0721927,0.03843927835789775
ISIC_0722065,0.03433809174678591
ISIC_0722323,0.008530478933806988
ISIC_0723369,0.008056864087086356
ISIC_0723819,0.005941811339670448
ISIC_0724106,0.00842775661452177
ISIC_0724784,0.029982022158407822
ISIC_0727953,0.007777789616118136
ISIC_0728055,0.0129722229409786
ISIC_0728474,0.03398822797002655
ISIC_0728977,0.005941811339670448
ISIC_0729188,0.01689884214140311
ISIC_0729365,0.012131003805092005
ISIC_0732158,0.0129722229409786
ISIC_0732261,0.008056864087086356
ISIC_0733408,0.014127256148629088
ISIC_0734038,0.03433809174678591
ISIC_0734761,0.04710108907479712
ISIC_0735344,0.02276706569407167
ISIC_0735361,0.012629440268433077
ISIC_0735507,0.015126664736954419
ISIC_0737285,0.01762965646320111
ISIC_0737596,0.06021165937847699
ISIC_0737951,0.023176330689934875
ISIC_0738067,0.012629440268433077
ISIC_0738616,0.014127256148629088
ISIC_0739064,0.008530478933806988
ISIC_0739401,0.014630199843023608
ISIC_0740997,0.005941811339670448
ISIC_0743576,0.005350620887011314
ISIC_0743739,0.031312262271327655
ISIC_0743789,0.00906790235263338
ISIC_0746818,0.03433809174678591
ISIC_0747114,0.01740123568596671
ISIC_0748291,0.014915344873685754
ISIC_0749073,0.03433809174678591
ISIC_0749202,0.004683565060183669
ISIC_0752872,0.013768010652633004
ISIC_0753499,0.03060723748225591
ISIC_0755453,0.006640600724187732
ISIC_0756977,0.0191434358070837
ISIC_0757171,0.004683565060183669
ISIC_0758024,0.008415931616036676
ISIC_0758246,0.009927804828760723
ISIC_0758568,0.0055009873008861196
ISIC_0759383,0.013452507403621503
ISIC_0760154,0.009952575752890295
ISIC_0760260,0.018613614520153192
ISIC_0762091,0.010537040391233472
ISIC_0763495,0.009927804828760723
ISIC_0764739,0.023642728502995952
ISIC_0765355,0.013918149839369296
ISIC_0767812,0.008056864087086356
ISIC_0769066,0.02124106680394157
ISIC_0770095,0.013452507403621503
ISIC_0770234,0.012328910648590203
ISIC_0770508,0.015126664736954419
ISIC_0770817,0.0055009873008861196
ISIC_0771788,0.004771489988483082
ISIC_0772522,0.008056864087086356
ISIC_0772578,0.008415931616036676
ISIC_0772706,0.008056864087086356
ISIC_0773190,0.0055009873008861196
ISIC_0774444,0.009927804828760723
ISIC_0775579,0.0055009873008861196
ISIC_0775584,0.010503558736325164
ISIC_0776524,0.012131003805092005
ISIC_0776616,0.012131003805092005
ISIC_0776803,0.005941811339670448
ISIC_0776824,0.015725311437139004
ISIC_0777077,0.03433809174678591
ISIC_0778512,0.007777789616118136
ISIC_0779258,0.004771489988483082
ISIC_0780165,0.0722848228658311
ISIC_0781571,0.03433809174678591
ISIC_0784160,0.005941811339670448
ISIC_0785830,0.008056864087086356
ISIC_0786267,0.03433809174678591
ISIC_0786322,0.014915344873685754
ISIC_0788550,0.015126664736954419
ISIC_0792325,0.015126664736954419
ISIC_0792492,0.04222222620740611
ISIC_0792564,0.014630199843023608
ISIC_0792986,0.01740123568596671
ISIC_0794617,0.015126664736954419
ISIC_0795653,0.004683565060183669
ISIC_0796707,0.008056864087086356
ISIC_0797113,0.03060723748225591
ISIC_0799427,0.004771489988483082
ISIC_0799785,0.008530478933806988
ISIC_0799979,0.018069681554864478
ISIC_0800693,0.011700519164688231
ISIC_0801740,0.012328910648590203
ISIC_0802693,0.06735962201019373
ISIC_0803310,0.0055009873008861196
ISIC_0803341,0.015126664736954419
ISIC_0803636,0.019795822322538497
ISIC_0804023,0.008013480210545959
ISIC_0805392,0.004683565060183669
ISIC_0807283,0.008530478933806988
ISIC_0807404,0.02588051704591062
ISIC_0808861,0.015725311437139004
ISIC_0809377,0.014630199843023608
ISIC_0809747,0.004683565060183669
ISIC_0810336,0.0129722229409786
ISIC_0810894,0.02588051704591062
ISIC_0811323,0.00842775661452177
ISIC_0813138,0.01976165566860573
ISIC_0813352,0.0055009873008861196
ISIC_0814613,0.012131003805092005
ISIC_0816087,0.008056864087086356
ISIC_0816173,0.014915344873685754
ISIC_0817883,0.010503558736325164
ISIC_0818301,0.005941811339670448
ISIC_0821277,0.023642728502995952
ISIC_0821445,0.03843927835789775
ISIC_0821598,0.02257937226692887
ISIC_0822581,0.03433809174678591
ISIC_0823047,0.012131003805092005
ISIC_0823591,0.0055009873008861196
ISIC_0824050,0.012131003805092005
ISIC_0825029,0.0055009873008861196
ISIC_0825725,0.014127256148629088
ISIC_0829859,0.03433809174678591
ISIC_0830589,0.00598938882998317
ISIC_0834674,0.02124106680394157
ISIC_0835778,0.023642728502995952
ISIC_0836745,0.014127256148629088
ISIC_0839044,0.013768010652633004
ISIC_0839368,0.07128086699269456
ISIC_0840535,0.00598938882998317
ISIC_0840661,0.001271369456480849
ISIC_0841028,0.031312262271327655
ISIC_0842398,0.008056864087086356
ISIC_0842798,0.03203972185253144
ISIC_0843175,0.012174434661010843
ISIC_0843626,0.00906790235263338
ISIC_0844546,0.003148152939857341
ISIC_0844930,0.012629440268433077
ISIC_0844952,0.002920195951381101
ISIC_0845696,0.0191434358070837
ISIC_0848406,0.0129722229409786
ISIC_0848986,0.002920195951381101
ISIC_0851144,0.014630199843023608
ISIC_0852759,0.03203972185253144
ISIC_0853184,0.012328910648590203
ISIC_0853566,0.011700519164688231
ISIC_0853893,0.012131003805092005
ISIC_0854582,0.015466518943151947
ISIC_0855262,0.029982022158407822
ISIC_0856987,0.011700519164688231
ISIC_0857436,0.001335580035090993
ISIC_0857443,0.02257937226692887
ISIC_0857595,0.029982022158407822
ISIC_0861327,0.031312262271327655
ISIC_0862505,0.023642728502995952
ISIC_0863212,0.015126664736954419
ISIC_0864741,0.00906790235263338
ISIC_0865303,0.0075476899945982594
ISIC_0866123,0.014127256148629088
ISIC_0866838,0.00842775661452177
ISIC_0867509,0.04295322167036864
ISIC_0867683,0.012131003805092005
ISIC_0868513,0.014630199843023608
ISIC_0869415,0.02257937226692887
ISIC_0870455,0.014915344873685754
ISIC_0870529,0.00598938882998317
ISIC_0871473,0.012328910648590203
ISIC_0873174,0.008415931616036676
ISIC_0874437,0.031312262271327655
ISIC_0874522,0.008530478933806988
ISIC_0874582,0.008530478933806988
ISIC_0874773,0.04295322167036864
ISIC_0875072,0.015466518943151947
ISIC_0876617,0.010577793877920665
ISIC_0876689,0.0129722229409786
ISIC_0877438,0.005350620887011314
ISIC_0877919,0.006640600724187732
ISIC_0878952,0.05057779387792067
ISIC_0879061,0.0191434358070837
ISIC_0879986,0.015466518943151947
ISIC_0881100,0.015126664736954419
ISIC_0881645,0.029982022158407822
ISIC_0881966,0.012328910648590203
ISIC_0883924,0.005941811339670448
ISIC_0884023,0.005941811339670448
ISIC_0884538,0.0035735790128110356
ISIC_0885369,0.008415931616036676
ISIC_0885617,0.029982022158407822
ISIC_0886447,0.01728583852632074
ISIC_0887532,0.0075476899945982594
ISIC_0887743,0.03843927835789775
ISIC_0887966,0.013768010652633004
ISIC_0890305,0.008415931616036676
ISIC_0891059,0.014630199843023608
ISIC_0891718,0.014127256148629088
ISIC_0892179,0.004807738528552053
ISIC_0893984,0.015466518943151947
ISIC_0894308,0.03843927835789775
ISIC_0894646,0.02257937226692887
ISIC_0896427,0.03019259795930689
ISIC_0897639,0.008056864087086356
ISIC_0897958,0.011700519164688231
ISIC_0898069,0.005941811339670448
ISIC_0899393,0.015126664736954419
ISIC_0900251,0.0055009873008861196
ISIC_0904702,0.002920195951381101
ISIC_0904866,0.0013156460047165006
ISIC_0906558,0.007777789616118136
ISIC_0908698,0.012131003805092005
ISIC_0908910,0.015466518943151947
ISIC_0909069,0.012629440268433077
ISIC_0910022,0.04350308921491678
ISIC_0913137,0.012629440268433077
ISIC_0915083,0.01976165566860573
ISIC_0915125,0.005941811339670448
ISIC_0915404,0.005941811339670448
ISIC_0915906,0.012328910648590203
ISIC_0916159,0.018613614520153192
ISIC_0916649,0.005350620887011314
ISIC_0917619,0.01740123568596671
ISIC_0917843,0.012629440268433077
ISIC_0920023,0.009927804828760723
ISIC_0923085,0.0129722229409786
ISIC_0923805,0.023415645313852162
ISIC_0924293,0.0129722229409786
ISIC_0924421,0.00598938882998317
ISIC_0925021,0.03433809174678591
ISIC_0925309,0.02276706569407167
ISIC_0925595,0.02276706569407167
ISIC_0928578,0.009927804828760723
ISIC_0929007,0.009927804828760723
ISIC_0929505,0.0722848228658311
ISIC_0929834,0.009952575752890295
ISIC_0930476,0.03297419037321229
ISIC_0931223,0.004807738528552053
ISIC_0931237,0.03060723748225591
ISIC_0931921,0.02588051704591062
ISIC_0932157,0.005941811339670448
ISIC_0932935,0.004807738528552053
ISIC_0934095,0.005941811339670448
ISIC_0935275,0.008056864087086356
ISIC_0935315,0.015466518943151947
ISIC_0935644,0.03433809174678591
ISIC_0936377,0.05461988606727832
ISIC_0936437,0.010537040391233472
ISIC_0936718,0.015466518943151947
ISIC_0937409,0.008056864087086356
ISIC_0939822,0.005350620887011314
ISIC_0940257,0.0055009873008861196
ISIC_0941443,0.015126664736954419
ISIC_0943849,0.03060723748225591
ISIC_0945202,0.0078052151046173876
ISIC_0946365,0.008530478933806988
ISIC_0946870,0.023642728502995952
ISIC_0948167,0.008056864087086356
ISIC_0949276,0.004683565060183669
ISIC_0949297,0.012131003805092005
ISIC_0950488,0.0722848228658311
ISIC_0951638,0.02257937226692887
ISIC_0951713,0.008056864087086356
ISIC_0951865,0.015126664736954419
ISIC_0953153,0.0129722229409786
ISIC_0953256,0.023642728502995952
ISIC_0953764,0.023642728502995952
ISIC_0954001,0.008415931616036676
ISIC_0954003,0.011700519164688231
ISIC_0955375,0.019795822322538497
ISIC_0955990,0.029982022158407822
ISIC_0957317,0.0129722229409786
ISIC_0957556,0.018613614520153192
ISIC_0958029,0.03843927835789775
ISIC_0958136,0.04350308921491678
ISIC_0958433,0.03433809174678591
ISIC_0959042,0.007777789616118136
ISIC_0959864,0.005941811339670448
ISIC_0960354,0.06560684379920026
ISIC_0960568,0.00842775661452177
ISIC_0960806,0.005941811339670448
ISIC_0960859,0.018613614520153192
ISIC_0960920,0.023642728502995952
ISIC_0962274,0.015466518943151947
ISIC_0963642,0.001335580035090993
ISIC_0963700,0.08200855474900032
ISIC_0963827,0.008415931616036676
ISIC_0964240,0.012629440268433077
ISIC_0965703,0.004683565060183669
ISIC_0966701,0.00906790235263338
ISIC_0968444,0.011700519164688231
ISIC_0969096,0.012629440268433077
ISIC_0969318,0.012629440268433077
ISIC_0969723,0.06560684379920026
ISIC_0969858,0.00598938882998317
ISIC_0971824,0.01740123568596671
ISIC_0973496,0.008415931616036676
ISIC_0973792,0.004683565060183669
ISIC_0974607,0.0075476899945982594
ISIC_0974656,0.0028434929779356626
ISIC_0975302,0.008056864087086356
ISIC_0975751,0.008530478933806988
ISIC_0976336,0.012328910648590203
ISIC_0976715,0.005941811339670448
ISIC_0977528,0.0191434358070837
ISIC_0977840,0.0129722229409786
ISIC_0979085,0.013768010652633004
ISIC_0983754,0.018069681554864478
ISIC_0983886,0.023642728502995952
ISIC_0984395,0.008056864087086356
ISIC_0986894,0.00598938882998317
ISIC_0988793,0.012131003805092005
ISIC_0989319,0.008415931616036676
ISIC_0989851,0.0013156460047165006
ISIC_0990463,0.002920195951381101
ISIC_0991001,0.015126664736954419
ISIC_0991565,0.015126664736954419
ISIC_0993052,0.008056864087086356
ISIC_0994106,0.008056864087086356
ISIC_0994563,0.012629440268433077
ISIC_0995436,0.004807738528552053
ISIC_0996247,0.02276706569407167
ISIC_0996309,0.012131003805092005
ISIC_0996873,0.0075476899945982594
ISIC_0996998,0.00842775661452177
ISIC_0997267,0.023642728502995952
ISIC_0997441,0.007772264078099276
ISIC_0998106,0.013452507403621503
ISIC_0998563,0.008056864087086356
ISIC_0998993,0.048179677594638655
ISIC_0999078,0.007835449297397983
ISIC_1000047,0.018668244138113535
ISIC_1000561,0.03433809174678591
ISIC_1001083,0.023642728502995952
ISIC_1001684,0.06560684379920026
ISIC_1002119,0.009927804828760723
ISIC_1002671,0.008056864087086356
ISIC_1002860,0.03433809174678591
ISIC_1002877,0.004683565060183669
ISIC_1003544,0.002920195951381101
ISIC_1005153,0.0055009873008861196
ISIC_1005222,0.005941811339670448
ISIC_1006804,0.00842775661452177
ISIC_1007291,0.015466518943151947
ISIC_1007483,0.012328910648590203
ISIC_1007680,0.015126664736954419
ISIC_1010386,0.023642728502995952
ISIC_1010648,0.012629440268433077
ISIC_1010820,0.0055009873008861196
ISIC_1012437,0.012328910648590203
ISIC_1012493,0.005941811339670448
ISIC_1012877,0.015466518943151947
ISIC_1013134,0.012328910648590203
ISIC_1014088,0.008530478933806988
ISIC_1014242,0.04515874453385774
ISIC_1016571,0.009927804828760723
ISIC_1018504,0.015126664736954419
ISIC_1020076,0.0055009873008861196
ISIC_1020375,0.029982022158407822
ISIC_1020690,0.012131003805092005
ISIC_1020885,0.015725311437139004
ISIC_1022193,0.009444458819572022
ISIC_1023256,0.03433809174678591
ISIC_1024296,0.0055009873008861196
ISIC_1024303,0.004683565060183669
ISIC_1025976,0.012629440268433077
ISIC_1026838,0.009927804828760723
ISIC_1027213,0.004807738528552053
ISIC_1027317,0.03060723748225591
ISIC_1028276,0.014915344873685754
ISIC_1028547,0.001271369456480849
ISIC_1029774,0.03433809174678591
ISIC_1030252,0.010537040391233472
ISIC_1031089,0.0075476899945982594
ISIC_1031129,0.0055009873008861196
ISIC_1033188,0.0191434358070837
ISIC_1033681,0.02588051704591062
ISIC_1036233,0.008530478933806988
ISIC_1038585,0.0129722229409786
ISIC_1038924,0.01976165566860573
ISIC_1040138,0.013768010652633004
ISIC_1040687,0.019795822322538497
ISIC_1041931,0.023176330689934875
ISIC_1042751,0.023176330689934875
ISIC_1044445,0.011700519164688231
ISIC_1045378,0.012131003805092005
ISIC_1046759,0.053025144868233696
ISIC_1046880,0.0055009873008861196
ISIC_1048928,0.02257937226692887
ISIC_1049904,0.012131003805092005
ISIC_1049919,0.01740123568596671
ISIC_1051244,0.003148152939857341
ISIC_1051781,0.005941811339670448
ISIC_1051972,0.04350308921491678
ISIC_1053867,0.023642728502995952
ISIC_1054458,0.0129722229409786
ISIC_1055367,0.0075476899945982594
ISIC_1055510,0.010503558736325164
ISIC_1055611,0.008056864087086356
ISIC_1056295,0.009952575752890295
ISIC_1057913,0.018668244138113535
ISIC_1058272,0.012131003805092005
ISIC_1058926,0.023642728502995952
ISIC_1060105,0.07128086699269456
ISIC_1061205,0.005941811339670448
ISIC_1061980,0.02276706569407167
ISIC_1063083,0.013452507403621503
ISIC_1063577,0.03398822797002655
ISIC_1063585,0.008415931616036676
ISIC_1064590,0.009794253590667282
ISIC_1064649,0.007772264078099276
ISIC_1065235,0.015126664736954419
ISIC_1065536,0.0129722229409786
ISIC_1066239,0.014630199843023608
ISIC_1067314,0.008530478933806988
ISIC_1068875,0.015725311437139004
ISIC_1069268,0.010503558736325164
ISIC_1071664,0.008415931616036676
ISIC_1071730,0.04710108907479712
ISIC_1073062,0.0075476899945982594
ISIC_1073477,0.001271369456480849
ISIC_1075408,0.012131003805092005
ISIC_1077011,0.008056864087086356
ISIC_1081390,0.014064874825764078
ISIC_1081575,0.019795822322538497
ISIC_1082953,0.008530478933806988
ISIC_1083405,0.03843927835789775
ISIC_1085649,0.004771489988483082
ISIC_1086280,0.008056864087086356
ISIC_1086952,0.007772264078099276
ISIC_1087637,0.014630199843023608
ISIC_1088865,0.007772264078099276
ISIC_1089351,0.032818041260116185
ISIC_1090575,0.05057779387792067
ISIC_1092064,0.007772264078099276
ISIC_1092675,0.013768010652633004
ISIC_1092969,0.001335580035090993
ISIC_1094652,0.010503558736325164
ISIC_1095054,0.010503558736325164
ISIC_1095433,0.007147158025622071
ISIC_1095798,0.012131003805092005
ISIC_1096286,0.03203972185253144
ISIC_1097111,0.015126664736954419
ISIC_1098696,0.018069681554864478
ISIC_1099376,0.005350620887011314
ISIC_1100351,0.0129722229409786
ISIC_1100698,0.02588051704591062
ISIC_1102832,0.007772264078099276
ISIC_1102982,0.009118787825793676
ISIC_1105085,0.005350620887011314
ISIC_1105499,0.012629440268433077
ISIC_1105878,0.012629440268433077
ISIC_1106836,0.012328910648590203
ISIC_1107411,0.02588051704591062
ISIC_1107781,0.012131003805092005
ISIC_1108023,0.012328910648590203
ISIC_1111490,0.005350620887011314
ISIC_1111779,0.0029382760772001847
ISIC_1114152,0.008056864087086356
ISIC_1114416,0.0055009873008861196
ISIC_1114853,0.014127256148629088
ISIC_1115161,0.005350620887011314
ISIC_1115431,0.009952575752890295
ISIC_1115450,0.00906790235263338
ISIC_1117298,0.0191434358070837
ISIC_1117759,0.02257937226692887
ISIC_1120310,0.005941811339670448
ISIC_1120488,0.014630199843023608
ISIC_1121394,0.009927804828760723
ISIC_1121879,0.014127256148629088
ISIC_1123720,0.004771489988483082
ISIC_1124042,0.03203972185253144
ISIC_1124428,0.023642728502995952
ISIC_1126114,0.0038325340137393715
ISIC_1127199,0.009927804828760723
ISIC_1129791,0.011700519164688231
ISIC_1130132,0.008056864087086356
ISIC_1131265,0.008056864087086356
ISIC_1132989,0.01740123568596671
ISIC_1133253,0.018668244138113535
ISIC_1134064,0.00906790235263338
ISIC_1134067,0.009952575752890295
ISIC_1134428,0.008415931616036676
ISIC_1136261,0.014630199843023608
ISIC_1136744,0.005941811339670448
ISIC_1138294,0.012629440268433077
ISIC_1139398,0.053025144868233696
ISIC_1142023,0.012131003805092005
ISIC_1142863,0.014915344873685754
ISIC_1148668,0.015126664736954419
ISIC_1148772,0.009927804828760723
ISIC_1149242,0.005941811339670448
ISIC_1149593,0.009927804828760723
ISIC_1149878,0.031127334649255597
ISIC_1150264,0.02257937226692887
ISIC_1151268,0.048179677594638655
ISIC_1153749,0.008530478933806988
ISIC_1153994,0.007772264078099276
ISIC_1156605,0.011707822656926081
ISIC_1156782,0.008056864087086356
ISIC_1157297,0.019791146041157958
ISIC_1158202,0.005941811339670448
ISIC_1158632,0.014915344873685754
ISIC_1159131,0.015126664736954419
ISIC_1159934,0.0129722229409786
ISIC_1162854,0.012174434661010843
ISIC_1164661,0.01663743219668443
ISIC_1164704,0.003148152939857341
ISIC_1164708,0.023642728502995952
ISIC_1165206,0.014630199843023608
ISIC_1167822,0.007147158025622071
ISIC_1168245,0.010503558736325164
ISIC_1170265,0.02124106680394157
ISIC_1170291,0.02257937226692887
ISIC_1170397,0.01740123568596671
ISIC_1171499,0.00598938882998317
ISIC_1174069,0.014630199843023608
ISIC_1174480,0.015466518943151947
ISIC_1176670,0.009952575752890295
ISIC_1176730,0.17181288668147457
ISIC_1177164,0.023415645313852162
ISIC_1178339,0.0075476899945982594
ISIC_1178804,0.015126664736954419
ISIC_1180045,0.008415931616036676
ISIC_1181351,0.0035735790128110356
ISIC_1181525,0.008415931616036676
ISIC_1182169,0.015466518943151947
ISIC_1182408,0.0075476899945982594
ISIC_1183370,0.005941811339670448
ISIC_1186674,0.012131003805092005
ISIC_1187128,0.008056864087086356
ISIC_1189120,0.02588051704591062
ISIC_1190973,0.002920195951381101
ISIC_1192931,0.0722848228658311
ISIC_1195031,0.012174434661010843
ISIC_1195194,0.008415931616036676
ISIC_1197099,0.02257937226692887
ISIC_1197153,0.02588051704591062
ISIC_1197218,0.012328910648590203
ISIC_1198439,0.012629440268433077
ISIC_1201019,0.012629440268433077
ISIC_1202656,0.010503558736325164
ISIC_1203137,0.012131003805092005
ISIC_1203351,0.005350620887011314
ISIC_1204287,0.008530478933806988
ISIC_1205053,0.00906790235263338
ISIC_1207459,0.011700519164688231
ISIC_1208095,0.005350620887011314
ISIC_1208410,0.012629440268433077
ISIC_1210053,0.010503558736325164
ISIC_1211739,0.01689884214140311
ISIC_1211873,0.015466518943151947
ISIC_1212236,0.02588051704591062
ISIC_1212424,0.012131003805092005
ISIC_1213881,0.03433809174678591
ISIC_1214226,0.032818041260116185
ISIC_1215786,0.004683565060183669
ISIC_1217400,0.0075476899945982594
ISIC_1220972,0.012629440268433077
ISIC_1221356,0.015725311437139004
ISIC_1221363,0.03433809174678591
ISIC_1222096,0.015466518943151947
ISIC_1222604,0.004683565060183669
ISIC_1223181,0.02588051704591062
ISIC_1223282,0.03843927835789775
ISIC_1223751,0.011707822656926081
ISIC_1224459,0.001335580035090993
ISIC_1225148,0.0055009873008861196
ISIC_1225443,0.007777789616118136
ISIC_1226325,0.01689884214140311
ISIC_1226881,0.0075476899945982594
ISIC_1227734,0.004807738528552053
ISIC_1227887,0.015466518943151947
ISIC_1228746,0.0028434929779356626
ISIC_1232384,0.00826390146712552
ISIC_1232516,0.029982022158407822
ISIC_1232959,0.023642728502995952
ISIC_1233031,0.0055009873008861196
ISIC_1237516,0.008056864087086356
ISIC_1238085,0.012629440268433077
ISIC_1239762,0.00598938882998317
ISIC_1240474,0.005350620887011314
ISIC_1240605,0.07128086699269456
ISIC_1241336,0.0191434358070837
ISIC_1243055,0.0429848807511717
ISIC_1243451,0.019795822322538497
ISIC_1245861,0.014630199843023608
ISIC_1246555,0.029982022158407822
ISIC_1247091,0.03203972185253144
ISIC_1247763,0.012629440268433077
ISIC_1250412,0.001271369456480849
ISIC_1250792,0.004771489988483082
ISIC_1250843,0.023176330689934875
ISIC_1251035,0.01740123568596671
ISIC_1252180,0.013452507403621503
ISIC_1252290,0.001271369456480849
ISIC_1252572,0.00598938882998317
ISIC_1254895,0.008415931616036676
ISIC_1255884,0.014630199843023608
ISIC_1257092,0.005941811339670448
ISIC_1259317,0.009927804828760723
ISIC_1259499,0.03060723748225591
ISIC_1259507,0.009927804828760723
ISIC_1262649,0.01740123568596671
ISIC_1263999,0.012131003805092005
ISIC_1265244,0.011700519164688231
ISIC_1266629,0.008056864087086356
ISIC_1267011,0.023642728502995952
ISIC_1268457,0.012131003805092005
ISIC_1268852,0.014064874825764078
ISIC_1269448,0.08200855474900032
ISIC_1270937,0.04222222620740611
ISIC_1272837,0.005941811339670448
ISIC_1272916,0.0191434358070837
ISIC_1273228,0.05849383163275574
ISIC_1274178,0.008056864087086356
ISIC_1274198,0.005350620887011314
ISIC_1274368,0.012131003805092005
ISIC_1274831,0.0129722229409786
ISIC_1275598,0.005941811339670448
ISIC_1276006,0.011700519164688231
ISIC_1276962,0.012131003805092005
ISIC_1279577,0.0722848228658311
ISIC_1282378,0.03843927835789775
ISIC_1284492,0.008056864087086356
ISIC_1287205,0.012131003805092005
ISIC_1287301,0.012629440268433077
ISIC_1287491,0.0053968336111840124
ISIC_1288537,0.008415931616036676
ISIC_1288766,0.012629440268433077
ISIC_1289402,0.012629440268433077
ISIC_1289443,0.008415931616036676
ISIC_1291312,0.014915344873685754
ISIC_1291467,0.007147158025622071
ISIC_1292306,0.012131003805092005
ISIC_1292732,0.004771489988483082
ISIC_1293599,0.004683565060183669
ISIC_1294368,0.007772264078099276
ISIC_1295270,0.015126664736954419
ISIC_1295502,0.008056864087086356
ISIC_1295996,0.012131003805092005
ISIC_1296465,0.005876552154400369
ISIC_1296518,0.031312262271327655
ISIC_1298073,0.001335580035090993
ISIC_1298271,0.0013156460047165006
ISIC_1298314,0.0722848228658311
ISIC_1299043,0.004683565060183669
ISIC_1300339,0.005941811339670448
ISIC_1301352,0.029982022158407822
ISIC_1302381,0.014127256148629088
ISIC_1302641,0.004683565060183669
ISIC_1303456,0.0055009873008861196
ISIC_1303488,0.010503558736325164
ISIC_1304223,0.014915344873685754
ISIC_1307847,0.05849383163275574
ISIC_1309515,0.0028434929779356626
ISIC_1309738,0.0055009873008861196
ISIC_1310559,0.008056864087086356
ISIC_1310949,0.02124106680394157
ISIC_1311253,0.012131003805092005
ISIC_1312041,0.03203972185253144
ISIC_1312853,0.0055009873008861196
ISIC_1312972,0.015126664736954419
ISIC_1314094,0.029982022158407822
ISIC_1314492,0.014064874825764078
ISIC_1314801,0.0721550682608462
ISIC_1314865,0.008056864087086356
ISIC_1318038,0.008056864087086356
ISIC_1318162,0.008415931616036676
ISIC_1320337,0.03433809174678591
ISIC_1321208,0.001271369456480849
ISIC_1323271,0.019795822322538497
ISIC_1324913,0.011700519164688231
ISIC_1326532,0.012629440268433077
ISIC_1326902,0.007772264078099276
ISIC_1327968,0.031312262271327655
ISIC_1328108,0.012629440268433077
ISIC_1329809,0.007772264078099276
ISIC_1330140,0.008056864087086356
ISIC_1330381,0.031312262271327655
ISIC_1330680,0.012328910648590203
ISIC_1330788,0.012629440268433077
ISIC_1331088,0.012131003805092005
ISIC_1332157,0.012131003805092005
ISIC_1332641,0.023642728502995952
ISIC_1332916,0.014127256148629088
ISIC_1334645,0.012629440268433077
ISIC_1335280,0.009927804828760723
ISIC_1336046,0.0075476899945982594
ISIC_1336814,0.014127256148629088
ISIC_1337523,0.019795822322538497
ISIC_1338474,0.01728583852632074
ISIC_1339609,0.00987847536678138
ISIC_1341095,0.0055009873008861196
ISIC_1341798,0.007772264078099276
ISIC_1344088,0.008530478933806988
ISIC_1345717,0.007147158025622071
ISIC_1345725,0.018668244138113535
ISIC_1347156,0.005941811339670448
ISIC_1347351,0.00826390146712552
ISIC_1349845,0.0055009873008861196
ISIC_1350069,0.008530478933806988
ISIC_1350554,0.005941811339670448
ISIC_1351779,0.008056864087086356
ISIC_1352021,0.05461988606727832
ISIC_1352715,0.011700519164688231
ISIC_1354933,0.023642728502995952
ISIC_1357865,0.00906790235263338
ISIC_1360798,0.012131003805092005
ISIC_1362227,0.008056864087086356
ISIC_1364556,0.018668244138113535
ISIC_1364884,0.004771489988483082
ISIC_1365026,0.013452507403621503
ISIC_1365041,0.008415931616036676
ISIC_1365267,0.011700519164688231
ISIC_1365577,0.01740123568596671
ISIC_1365932,0.012131003805092005
ISIC_1366473,0.03060723748225591
ISIC_1367005,0.0721550682608462
ISIC_1368206,0.02124106680394157
ISIC_1368685,0.005941811339670448
ISIC_1369027,0.004807738528552053
ISIC_1369798,0.0055009873008861196
ISIC_1370096,0.008415931616036676
ISIC_1371230,0.029982022158407822
ISIC_1371478,0.01976165566860573
ISIC_1372515,0.019795822322538497
ISIC_1373663,0.001271369456480849
ISIC_1373840,0.012131003805092005
ISIC_1373939,0.001335580035090993
ISIC_1374185,0.01740123568596671
ISIC_1377690,0.007835449297397983
ISIC_1377845,0.0055009873008861196
ISIC_1378676,0.013452507403621503
ISIC_1378689,0.010280039406081437
ISIC_1378795,0.008530478933806988
ISIC_1379570,0.00598938882998317
ISIC_1379838,0.03019259795930689
ISIC_1380076,0.0055009873008861196
ISIC_1380210,0.005350620887011314
ISIC_1381020,0.018069681554864478
ISIC_1383050,0.008056864087086356
ISIC_1383156,0.019795822322538497
ISIC_1384746,0.002920195951381101
ISIC_1387243,0.007772264078099276
ISIC_1389671,0.008415931616036676
ISIC_1389736,0.014630199843023608
ISIC_1390156,0.012174434661010843
ISIC_1392557,0.008530478933806988
ISIC_1395135,0.007772264078099276
ISIC_1395286,0.012174434661010843
ISIC_1397455,0.0075476899945982594
ISIC_1397473,0.012131003805092005
ISIC_1398333,0.012629440268433077
ISIC_1398911,0.012328910648590203
ISIC_1398977,0.007772264078099276
ISIC_1399260,0.0029382760772001847
ISIC_1401389,0.007772264078099276
ISIC_1403558,0.023642728502995952
ISIC_1404760,0.015466518943151947
ISIC_1405006,0.02588051704591062
ISIC_1405039,0.009118787825793676
ISIC_1406000,0.007772264078099276
ISIC_1406733,0.03060723748225591
ISIC_1407049,0.05461988606727832
ISIC_1407308,0.00906790235263338
ISIC_1408106,0.012629440268433077
ISIC_1408400,0.05497586291078334
ISIC_1408761,0.005941811339670448
ISIC_1409028,0.012131003805092005
ISIC_1409447,0.005941811339670448
ISIC_1409994,0.0721550682608462
ISIC_1410492,0.006640600724187732
ISIC_1410574,0.00598938882998317
ISIC_1410832,0.015126664736954419
ISIC_1413464,0.012629440268433077
ISIC_1414519,0.007772264078099276
ISIC_1415022,0.03398822797002655
ISIC_1416658,0.004683565060183669
ISIC_1419471,0.029982022158407822
ISIC_1420424,0.07128086699269456
ISIC_1425639,0.00598938882998317
ISIC_1426190,0.005941811339670448
ISIC_1426651,0.023642728502995952
ISIC_1427578,0.06654972878673772
ISIC_1427970,0.014127256148629088
ISIC_1428303,0.008530478933806988
ISIC_1429482,0.005941811339670448
ISIC_1429763,0.015725311437139004
ISIC_1429860,0.00842775661452177
ISIC_1431583,0.007772264078099276
ISIC_1434736,0.03433809174678591
ISIC_1434910,0.010537040391233472
ISIC_1435395,0.007772264078099276
ISIC_1435661,0.023642728502995952
ISIC_1436510,0.023642728502995952
ISIC_1437457,0.012328910648590203
ISIC_1437627,0.005350620887011314
ISIC_1437807,0.01689884214140311
ISIC_1438103,0.005350620887011314
ISIC_1438138,0.005941811339670448
ISIC_1439030,0.023176330689934875
ISIC_1439170,0.009952575752890295
ISIC_1440160,0.014915344873685754
ISIC_1441157,0.009927804828760723
ISIC_1442489,0.005941811339670448
ISIC_1443365,0.018069681554864478
ISIC_1443435,0.012131003805092005
ISIC_1444444,0.008530478933806988
ISIC_1445438,0.012131003805092005
ISIC_1446658,0.014127256148629088
ISIC_1447572,0.0055009873008861196
ISIC_1448268,0.012328910648590203
ISIC_1448952,0.0013631177677732816
ISIC_1449628,0.0429848807511717
ISIC_1450044,0.02588051704591062
ISIC_1450396,0.0129722229409786
ISIC_1452056,0.03843927835789775
ISIC_1452059,0.0055009873008861196
ISIC_1453459,0.008530478933806988
ISIC_1453553,0.010280039406081437
ISIC_1453620,0.029982022158407822
ISIC_1454344,0.008530478933806988
ISIC_1455340,0.012629440268433077
ISIC_1455551,0.0035735790128110356
ISIC_1455912,0.004771489988483082
ISIC_1455951,0.023642728502995952
ISIC_1458550,0.0055009873008861196
ISIC_1460169,0.053025144868233696
ISIC_1461574,0.008530478933806988
ISIC_1461703,0.008056864087086356
ISIC_1462390,0.002920195951381101
ISIC_1464049,0.023176330689934875
ISIC_1464264,0.00598938882998317
ISIC_1464282,0.011700519164688231
ISIC_1468493,0.008530478933806988
ISIC_1469194,0.01762965646320111
ISIC_1469237,0.023642728502995952
ISIC_1472690,0.0191434358070837
ISIC_1472890,0.01976165566860573
ISIC_1476421,0.053025144868233696
ISIC_1479061,0.023642728502995952
ISIC_1479607,0.007772264078099276
ISIC_1482083,0.02588051704591062
ISIC_1484704,0.03297419037321229
ISIC_1485441,0.015466518943151947
ISIC_1486500,0.029982022158407822
ISIC_1486861,0.023642728502995952
ISIC_1487812,0.031312262271327655
ISIC_1488723,0.014127256148629088
ISIC_1489102,0.013768010652633004
ISIC_1490243,0.014630199843023608
ISIC_1490310,0.004683565060183669
ISIC_1490432,0.03203972185253144
ISIC_1491052,0.012131003805092005
ISIC_1491228,0.015725311437139004
ISIC_1491380,0.005509267644750346
ISIC_1491444,0.018613614520153192
ISIC_1491508,0.009444458819572022
ISIC_1492099,0.013768010652633004
ISIC_1492334,0.006640600724187732
ISIC_1493259,0.0129722229409786
ISIC_1493810,0.01740123568596671
ISIC_1493995,0.03433809174678591
ISIC_1494327,0.03060723748225591
ISIC_1496854,0.005350620887011314
ISIC_1497685,0.0129722229409786
ISIC_1499220,0.0721550682608462
ISIC_1499779,0.00906790235263338
ISIC_1500181,0.005350620887011314
ISIC_1500701,0.005876552154400369
ISIC_1500934,0.005350620887011314
ISIC_1500989,0.031312262271327655
ISIC_1501518,0.0055009873008861196
ISIC_1502569,0.01740123568596671
ISIC_1503527,0.012131003805092005
ISIC_1503905,0.012131003805092005
ISIC_1504632,0.02588051704591062
ISIC_1504664,0.023642728502995952
ISIC_1504772,0.00598938882998317
ISIC_1505785,0.02257937226692887
ISIC_1505787,0.0055009873008861196
ISIC_1505882,0.043601546446483334
ISIC_1505931,0.004683565060183669
ISIC_1508521,0.03398822797002655
ISIC_1508888,0.0075476899945982594
ISIC_1509034,0.012131003805092005
ISIC_1509223,0.01728583852632074
ISIC_1509856,0.012629440268433077
ISIC_1510438,0.014127256148629088
ISIC_1510485,0.012629440268433077
ISIC_1510820,0.005350620887011314
ISIC_1511752,0.011700519164688231
ISIC_1512287,0.008415931616036676
ISIC_1512688,0.01740123568596671
ISIC_1513292,0.008056864087086356
ISIC_1514638,0.012328910648590203
ISIC_1516113,0.0075476899945982594
ISIC_1518913,0.015126664736954419
ISIC_1519960,0.013452507403621503
ISIC_1521112,0.012629440268433077
ISIC_1521467,0.009952575752890295
ISIC_1522384,0.031312262271327655
ISIC_1522983,0.004683565060183669
ISIC_1523725,0.06560684379920026
ISIC_1524188,0.009927804828760723
ISIC_1524620,0.029982022158407822
ISIC_1525226,0.0075476899945982594
ISIC_1525882,0.012131003805092005
ISIC_1526154,0.01740123568596671
ISIC_1526973,0.006640600724187732
ISIC_1527539,0.008530478933806988
ISIC_1528298,0.005941811339670448
ISIC_1530517,0.008415931616036676
ISIC_1533487,0.015126664736954419
ISIC_1535298,0.012131003805092005
ISIC_1536224,0.010503558736325164
ISIC_1536371,0.013768010652633004
ISIC_1536840,0.01689884214140311
ISIC_1536844,0.015126664736954419
ISIC_1537434,0.00842775661452177
ISIC_1537627,0.03843927835789775
ISIC_1538921,0.012629440268433077
ISIC_1539108,0.005350620887011314
ISIC_1539449,0.0075476899945982594
ISIC_1539596,0.0129722229409786
ISIC_1541371,0.012131003805092005
ISIC_1541384,0.008056864087086356
ISIC_1541719,0.008056864087086356
ISIC_1541919,0.010280039406081437
ISIC_1542403,0.03433809174678591
ISIC_1543649,0.004683565060183669
ISIC_1544307,0.015126664736954419
ISIC_1544376,0.0013156460047165006
ISIC_1544989,0.014630199843023608
ISIC_1545466,0.005941811339670448
ISIC_1545645,0.007772264078099276
ISIC_1546421,0.004683565060183669
ISIC_1551763,0.01740123568596671
ISIC_1552117,0.023642728502995952
ISIC_1553968,0.06735962201019373
ISIC_1554000,0.005941811339670448
ISIC_1554262,0.023642728502995952
ISIC_1558004,0.014915344873685754
ISIC_1558567,0.008530478933806988
ISIC_1560324,0.1360185352895007
ISIC_1560363,0.012328910648590203
ISIC_1560689,0.008415931616036676
ISIC_1560978,0.005941811339670448
ISIC_1561927,0.011700519164688231
ISIC_1562503,0.010503558736325164
ISIC_1564663,0.012328910648590203
ISIC_1565187,0.02588051704591062
ISIC_1565504,0.004771489988483082
ISIC_1566553,0.004807738528552053
ISIC_1567171,0.00598938882998317
ISIC_1567513,0.019791146041157958
ISIC_1567545,0.012629440268433077
ISIC_1567554,0.004807738528552053
ISIC_1567755,0.03203972185253144
ISIC_1569193,0.008056864087086356
ISIC_1570233,0.0029382760772001847
ISIC_1571910,0.001335580035090993
ISIC_1576440,0.009952575752890295
ISIC_1577307,0.012629440268433077
ISIC_1577729,0.018613614520153192
ISIC_1578405,0.005941811339670448
ISIC_1579773,0.008415931616036676
ISIC_1581247,0.02257937226692887
ISIC_1582062,0.003148152939857341
ISIC_1582282,0.0055009873008861196
ISIC_1584462,0.005350620887011314
ISIC_1586288,0.023642728502995952
ISIC_1586360,0.02276706569407167
ISIC_1589060,0.023642728502995952
ISIC_1589872,0.008530478933806988
ISIC_1589895,0.03433809174678591
ISIC_1590307,0.013768010652633004
ISIC_1591962,0.014630199843023608
ISIC_1592464,0.008415931616036676
ISIC_1593714,0.009927804828760723
ISIC_1596422,0.0055009873008861196
ISIC_1599454,0.004807738528552053
ISIC_1600066,0.02588051704591062
ISIC_1600890,0.023642728502995952
ISIC_1601014,0.019795822322538497
ISIC_1603921,0.015126664736954419
ISIC_1605133,0.005941811339670448
ISIC_1605633,0.012328910648590203
ISIC_1605845,0.03398822797002655
ISIC_1607922,0.002920195951381101
ISIC_1608729,0.018613614520153192
ISIC_1608811,0.0013631177677732816
ISIC_1608962,0.00842775661452177
ISIC_1611477,0.018668244138113535
ISIC_1611666,0.012328910648590203
ISIC_1612523,0.02276706569407167
ISIC_1613476,0.008056864087086356
ISIC_1613528,0.007772264078099276
ISIC_1613780,0.00842775661452177
ISIC_1614037,0.009927804828760723
ISIC_1615667,0.0129722229409786
ISIC_1615785,0.00598938882998317
ISIC_1619137,0.014630199843023608
ISIC_1621521,0.008415931616036676
ISIC_1621972,0.02276706569407167
ISIC_1624232,0.014127256148629088
ISIC_1624465,0.0191434358070837
ISIC_1624776,0.015126664736954419
ISIC_1626751,0.02276706569407167
ISIC_1627413,0.007772264078099276
ISIC_1627619,0.04295322167036864
ISIC_1628162,0.019795822322538497
ISIC_1628721,0.014127256148629088
ISIC_1630003,0.00598938882998317
ISIC_1630017,0.012131003805092005
ISIC_1631155,0.012328910648590203
ISIC_1632378,0.053025144868233696
ISIC_1632938,0.00842775661452177
ISIC_1634129,0.010280039406081437
ISIC_1637450,0.010503558736325164
ISIC_1637595,0.053025144868233696
ISIC_1639429,0.005941811339670448
ISIC_1640686,0.008056864087086356
ISIC_1641015,0.010577793877920665
ISIC_1642210,0.02257937226692887
ISIC_1642626,0.012174434661010843
ISIC_1643353,0.008530478933806988
ISIC_1643380,0.0075476899945982594
ISIC_1643383,0.01652780293425104
ISIC_1643984,0.0078052151046173876
ISIC_1644228,0.02276706569407167
ISIC_1644845,0.005350620887011314
ISIC_1645390,0.018069681554864478
ISIC_1645689,0.004683565060183669
ISIC_1646877,0.008530478933806988
ISIC_1646969,0.012328910648590203
ISIC_1648251,0.029982022158407822
ISIC_1648791,0.02276706569407167
ISIC_1649659,0.053025144868233696
ISIC_1649760,0.02588051704591062
ISIC_1650615,0.00598938882998317
ISIC_1651006,0.012328910648590203
ISIC_1651164,0.03843927835789775
ISIC_1653663,0.03203972185253144
ISIC_1653866,0.02298990630814576
ISIC_1654007,0.03433809174678591
ISIC_1656201,0.001335580035090993
ISIC_1656828,0.00842775661452177
ISIC_1657960,0.015126664736954419
ISIC_1658310,0.009927804828760723
ISIC_1659276,0.003148152939857341
ISIC_1661254,0.005941811339670448
ISIC_1661794,0.0055009873008861196
ISIC_1663074,0.043601546446483334
ISIC_1663587,0.0055009873008861196
ISIC_1663846,0.005350620887011314
ISIC_1665747,0.03433809174678591
ISIC_1666748,0.004683565060183669
ISIC_1667112,0.012328910648590203
ISIC_1667159,0.008056864087086356
ISIC_1667598,0.00906790235263338
ISIC_1668197,0.009118787825793676
ISIC_1668229,0.004771489988483082
ISIC_1668526,0.007777789616118136
ISIC_1669403,0.010503558736325164
ISIC_1670585,0.0055009873008861196
ISIC_1670692,0.012629440268433077
ISIC_1672482,0.004683565060183669
ISIC_1673959,0.01663743219668443
ISIC_1674326,0.004807738528552053
ISIC_1674796,0.008415931616036676
ISIC_1675841,0.015466518943151947
ISIC_1676054,0.00598938882998317
ISIC_1678192,0.02257937226692887
ISIC_1678274,0.0035735790128110356
ISIC_1679661,0.012629440268433077
ISIC_1681968,0.0721550682608462
ISIC_1682504,0.010503558736325164
ISIC_1682998,0.01976165566860573
ISIC_1683990,0.005941811339670448
ISIC_1684260,0.002920195951381101
ISIC_1687730,0.019795822322538497
ISIC_1688603,0.014915344873685754
ISIC_1692314,0.013768010652633004
ISIC_1692403,0.012131003805092005
ISIC_1693098,0.03060723748225591
ISIC_1693659,0.004683565060183669
ISIC_1693702,0.02588051704591062
ISIC_1694285,0.0013631177677732816
ISIC_1696249,0.007772264078099276
ISIC_1700495,0.00842775661452177
ISIC_1700520,0.023642728502995952
ISIC_1701367,0.005941811339670448
ISIC_1702162,0.0055009873008861196
ISIC_1702881,0.013768010652633004
ISIC_1703222,0.03203972185253144
ISIC_1703271,0.0191434358070837
ISIC_1703287,0.005941811339670448
ISIC_1703904,0.043601546446483334
ISIC_1704686,0.008056864087086356
ISIC_1705153,0.012131003805092005
ISIC_1705269,0.0029382760772001847
ISIC_1705293,0.01740123568596671
ISIC_1705442,0.00598938882998317
ISIC_1706022,0.00906790235263338
ISIC_1706501,0.04710108907479712
ISIC_1706576,0.02276706569407167
ISIC_1706606,0.012328910648590203
ISIC_1706957,0.00598938882998317
ISIC_1707818,0.04350308921491678
ISIC_1708329,0.012131003805092005
ISIC_1708417,0.005941811339670448
ISIC_1708646,0.00842775661452177
ISIC_1710649,0.0055009873008861196
ISIC_1710811,0.005350620887011314
ISIC_1710825,0.014630199843023608
ISIC_1713249,0.012131003805092005
ISIC_1713289,0.0055009873008861196
ISIC_1713496,0.004683565060183669
ISIC_1715003,0.015466518943151947
ISIC_1715664,0.012131003805092005
ISIC_1716015,0.0429848807511717
ISIC_1716427,0.0075476899945982594
ISIC_1718359,0.0721550682608462
ISIC_1718644,0.005941811339670448
ISIC_1720393,0.023642728502995952
ISIC_1721280,0.0075476899945982594
ISIC_1724249,0.011707822656926081
ISIC_1725083,0.013768010652633004
ISIC_1727295,0.022212847455476865
ISIC_1728629,0.03060723748225591
ISIC_1730198,0.00906790235263338
ISIC_1731168,0.02276706569407167
ISIC_1731447,0.010503558736325164
ISIC_1732032,0.013452507403621503
ISIC_1732833,0.019791146041157958
ISIC_1733178,0.02276706569407167
ISIC_1733359,0.00987847536678138
ISIC_1734389,0.01740123568596671
ISIC_1734464,0.0032249371579026417
ISIC_1738247,0.008415931616036676
ISIC_1739371,0.010537040391233472
ISIC_1742142,0.012131003805092005
ISIC_1743829,0.0055009873008861196
ISIC_1746690,0.010280039406081437
ISIC_1747010,0.014630199843023608
ISIC_1748369,0.008415931616036676
ISIC_1749366,0.008056864087086356
ISIC_1749390,0.014630199843023608
ISIC_1749542,0.004683565060183669
ISIC_1750274,0.012328910648590203
ISIC_1750738,0.03433809174678591
ISIC_1751462,0.012629440268433077
ISIC_1752018,0.029982022158407822
ISIC_1754283,0.015126664736954419
ISIC_1754841,0.023642728502995952
ISIC_1754913,0.023642728502995952
ISIC_1754946,0.008056864087086356
ISIC_1756367,0.018069681554864478
ISIC_1756907,0.0028434929779356626
ISIC_1757181,0.023642728502995952
ISIC_1757767,0.014127256148629088
ISIC_1760446,0.012131003805092005
ISIC_1760606,0.0722848228658311
ISIC_1760853,0.005941811339670448
ISIC_1762237,0.007772264078099276
ISIC_1763815,0.04710108907479712
ISIC_1764662,0.008415931616036676
ISIC_1768341,0.00987847536678138
ISIC_1769691,0.005941811339670448
ISIC_1770071,0.019795822322538497
ISIC_1770261,0.015126664736954419
ISIC_1772126,0.010503558736325164
ISIC_1772418,0.0029382760772001847
ISIC_1774238,0.014127256148629088
ISIC_1775703,0.008415931616036676
ISIC_1775885,0.013918149839369296
ISIC_1776632,0.015126664736954419
ISIC_1777399,0.007147158025622071
ISIC_1777932,0.015126664736954419
ISIC_1778123,0.015466518943151947
ISIC_1778659,0.02124106680394157
ISIC_1781813,0.012131003805092005
ISIC_1782165,0.008415931616036676
ISIC_1782744,0.007835449297397983
ISIC_1784054,0.010503558736325164
ISIC_1785643,0.014064874825764078
ISIC_1786585,0.008530478933806988
ISIC_1786786,0.007772264078099276
ISIC_1788431,0.008530478933806988
ISIC_1789614,0.0075476899945982594
ISIC_1790656,0.004683565060183669
ISIC_1790730,0.0075476899945982594
ISIC_1790991,0.008056864087086356
ISIC_1792101,0.005941811339670448
ISIC_1793248,0.008415931616036676
ISIC_1794017,0.018069681554864478
ISIC_1794134,0.009952575752890295
ISIC_1794778,0.02276706569407167
ISIC_1796766,0.008056864087086356
ISIC_1797636,0.014127256148629088
ISIC_1799075,0.011700519164688231
ISIC_1799089,0.03297419037321229
ISIC_1799448,0.005941811339670448
ISIC_1801652,0.02124106680394157
ISIC_1804301,0.015126664736954419
ISIC_1804517,0.008530478933806988
ISIC_1806150,0.023642728502995952
ISIC_1806229,0.02588051704591062
ISIC_1807544,0.014915344873685754
ISIC_1808187,0.009927804828760723
ISIC_1808628,0.008056864087086356
ISIC_1809213,0.031312262271327655
ISIC_1809407,0.005941811339670448
ISIC_1809790,0.008415931616036676
ISIC_1812060,0.037189554322000495
ISIC_1813039,0.0075476899945982594
ISIC_1814693,0.09951294310887694
ISIC_1816112,0.005941811339670448
ISIC_1816391,0.002920195951381101
ISIC_1818358,0.0055009873008861196
ISIC_1819117,0.023642728502995952
ISIC_1819538,0.007772264078099276
ISIC_1822720,0.02276706569407167
ISIC_1822797,0.012629440268433077
ISIC_1822809,0.011700519164688231
ISIC_1824174,0.005941811339670448
ISIC_1826106,0.0055009873008861196
ISIC_1827695,0.031127334649255597
ISIC_1828583,0.023642728502995952
ISIC_1829787,0.01663743219668443
ISIC_1830939,0.009794253590667282
ISIC_1831149,0.008530478933806988
ISIC_1831532,0.011707822656926081
ISIC_1836525,0.0191434358070837
ISIC_1837240,0.009927804828760723
ISIC_1837615,0.019795822322538497
ISIC_1838229,0.02588051704591062
ISIC_1841330,0.023176330689934875
ISIC_1841540,0.023642728502995952
ISIC_1841758,0.007147158025622071
ISIC_1842338,0.005509267644750346
ISIC_1842457,0.018069681554864478
ISIC_1843255,0.005941811339670448
ISIC_1843948,0.0013631177677732816
ISIC_1844023,0.012629440268433077
ISIC_1845160,0.0055009873008861196
ISIC_1845560,0.012328910648590203
ISIC_1847600,0.006640600724187732
ISIC_1847981,0.018668244138113535
ISIC_1848625,0.04222222620740611
ISIC_1848959,0.005350620887011314
ISIC_1849238,0.023642728502995952
ISIC_1849240,0.007772264078099276
ISIC_1849415,0.005941811339670448
ISIC_1850537,0.057474765770364394
ISIC_1852113,0.007772264078099276
ISIC_1853428,0.007772264078099276
ISIC_1853981,0.014630199843023608
ISIC_1854252,0.023642728502995952
ISIC_1854364,0.05849383163275574
ISIC_1854712,0.015126664736954419
ISIC_1854733,0.03398822797002655
ISIC_1855110,0.008415931616036676
ISIC_1855861,0.015466518943151947
ISIC_1856864,0.013768010652633004
ISIC_1857341,0.014127256148629088
ISIC_1859623,0.014127256148629088
ISIC_1861560,0.014127256148629088
ISIC_1861675,0.007835449297397983
ISIC_1862054,0.013768010652633004
ISIC_1862370,0.005941811339670448
ISIC_1862706,0.0721550682608462
ISIC_1864809,0.0055009873008861196
ISIC_1867969,0.00842775661452177
ISIC_1868591,0.00842775661452177
ISIC_1868616,0.014915344873685754
ISIC_1869144,0.012174434661010843
ISIC_1869410,0.009952575752890295
ISIC_1869472,0.015466518943151947
ISIC_1869524,0.018668244138113535
ISIC_1870646,0.005941811339670448
ISIC_1871539,0.008415931616036676
ISIC_1871802,0.018069681554864478
ISIC_1872208,0.023642728502995952
ISIC_1872429,0.015466518943151947
ISIC_1872664,0.007772264078099276
ISIC_1873885,0.011700519164688231
ISIC_1875012,0.008415931616036676
ISIC_1876605,0.005941811339670448
ISIC_1879385,0.019795822322538497
ISIC_1884196,0.0129722229409786
ISIC_1889076,0.023642728502995952
ISIC_1889661,0.012328910648590203
ISIC_1890526,0.01740123568596671
ISIC_1892060,0.005941811339670448
ISIC_1893315,0.004771489988483082
ISIC_1896169,0.014630199843023608
ISIC_1899151,0.012328910648590203
ISIC_1899160,0.04350308921491678
ISIC_1899951,0.03398822797002655
ISIC_1901233,0.029982022158407822
ISIC_1901270,0.012131003805092005
ISIC_1901914,0.012174434661010843
ISIC_1901966,0.005941811339670448
ISIC_1903251,0.013452507403621503
ISIC_1903896,0.008056864087086356
ISIC_1904819,0.0055009873008861196
ISIC_1904851,0.00842775661452177
ISIC_1905336,0.07128086699269456
ISIC_1905650,0.01976165566860573
ISIC_1907520,0.004683565060183669
ISIC_1908456,0.0055009873008861196
ISIC_1909382,0.0075476899945982594
ISIC_1909444,0.014915344873685754
ISIC_1909792,0.013452507403621503
ISIC_1911649,0.03433809174678591
ISIC_1914789,0.04350308921491678
ISIC_1915703,0.02588051704591062
ISIC_1915940,0.0055009873008861196
ISIC_1916336,0.002920195951381101
ISIC_1916926,0.012131003805092005
ISIC_1918712,0.0055009873008861196
ISIC_1919639,0.023642728502995952
ISIC_1919653,0.007772264078099276
ISIC_1921353,0.03433809174678591
ISIC_1921535,0.014127256148629088
ISIC_1922297,0.023642728502995952
ISIC_1923321,0.005185193077412091
ISIC_1923548,0.00842775661452177
ISIC_1925250,0.03398822797002655
ISIC_1925361,0.0075476899945982594
ISIC_1928148,0.008530478933806988
ISIC_1928950,0.05461988606727832
ISIC_1929568,0.008415931616036676
ISIC_1930126,0.053025144868233696
ISIC_1930217,0.0055009873008861196
ISIC_1930434,0.03433809174678591
ISIC_1930714,0.005941811339670448
ISIC_1931106,0.013452507403621503
ISIC_1932316,0.012629440268433077
ISIC_1933590,0.0721550682608462
ISIC_1933796,0.004683565060183669
ISIC_1938413,0.004807738528552053
ISIC_1939295,0.012328910648590203
ISIC_1939639,0.005941811339670448
ISIC_1939694,0.004683565060183669
ISIC_1943452,0.012131003805092005
ISIC_1943685,0.001271369456480849
ISIC_1944579,0.019795822322538497
ISIC_1945063,0.009118787825793676
ISIC_1945834,0.0013631177677732816
ISIC_1948461,0.004683565060183669
ISIC_1948821,0.019795822322538497
ISIC_1950045,0.043601546446483334
ISIC_1950615,0.013768010652633004
ISIC_1950638,0.008415931616036676
ISIC_1955599,0.012131003805092005
ISIC_1957738,0.013768010652633004
ISIC_1958290,0.005350620887011314
ISIC_1958365,0.015466518943151947
ISIC_1959304,0.0075476899945982594
ISIC_1960265,0.010537040391233472
ISIC_1960412,0.008415931616036676
ISIC_1960896,0.008415931616036676
ISIC_1961320,0.001335580035090993
ISIC_1962149,0.005941811339670448
ISIC_1962284,0.012131003805092005
ISIC_1963216,0.018069681554864478
ISIC_1963859,0.010503558736325164
ISIC_1964225,0.008056864087086356
ISIC_1964359,0.008530478933806988
ISIC_1964684,0.032818041260116185
ISIC_1964724,0.015126664736954419
ISIC_1965370,0.012328910648590203
ISIC_1966654,0.019791146041157958
ISIC_1967981,0.005350620887011314
ISIC_1968238,0.007777789616118136
ISIC_1971054,0.013452507403621503
ISIC_1971195,0.007772264078099276
ISIC_1972102,0.03433809174678591
ISIC_1972390,0.001335580035090993
ISIC_1972980,0.008056864087086356
ISIC_1973133,0.0055009873008861196
ISIC_1973435,0.015126664736954419
ISIC_1974608,0.023415645313852162
ISIC_1975904,0.012328910648590203
ISIC_1976012,0.012131003805092005
ISIC_1976458,0.009444458819572022
ISIC_1977344,0.007772264078099276
ISIC_1978029,0.0191434358070837
ISIC_1978115,0.02276706569407167
ISIC_1979700,0.0129722229409786
ISIC_1979791,0.012131003805092005
ISIC_1979834,0.00598938882998317
ISIC_1981662,0.011700519164688231
ISIC_1983776,0.0078052151046173876
ISIC_1984907,0.008056864087086356
ISIC_1985866,0.012131003805092005
ISIC_1985997,0.023642728502995952
ISIC_1987915,0.0055009873008861196
ISIC_1989507,0.008530478933806988
ISIC_1989748,0.02588051704591062
ISIC_1990737,0.023642728502995952
ISIC_1991199,0.014127256148629088
ISIC_1991799,0.014630199843023608
ISIC_1991846,0.00598938882998317
ISIC_1991948,0.008415931616036676
ISIC_1993038,0.01740123568596671
ISIC_1993897,0.00598938882998317
ISIC_1994540,0.012131003805092005
ISIC_1994651,0.007772264078099276
ISIC_1995421,0.005941811339670448
ISIC_1997899,0.02257937226692887
ISIC_1998888,0.014630199843023608
ISIC_1999001,0.005350620887011314
ISIC_1999035,0.002920195951381101
ISIC_2001020,0.014915344873685754
ISIC_2002073,0.011700519164688231
ISIC_2002894,0.012629440268433077
ISIC_2003875,0.004683565060183669
ISIC_2004591,0.012328910648590203
ISIC_2005414,0.0191434358070837
ISIC_2006136,0.008056864087086356
ISIC_2006348,0.008415931616036676
ISIC_2007351,0.023642728502995952
ISIC_2008775,0.0013156460047165006
ISIC_2010437,0.0722848228658311
ISIC_2010488,0.008530478933806988
ISIC_2010708,0.005350620887011314
ISIC_2011318,0.012131003805092005
ISIC_2012132,0.012629440268433077
ISIC_2012835,0.009927804828760723
ISIC_2013071,0.005350620887011314
ISIC_2014416,0.009952575752890295
ISIC_2016398,0.02588051704591062
ISIC_2017339,0.02588051704591062
ISIC_2018731,0.008056864087086356
ISIC_2019118,0.010503558736325164
ISIC_2020304,0.012131003805092005
ISIC_2020310,0.023642728502995952
ISIC_2021463,0.0191434358070837
ISIC_2022961,0.007147158025622071
ISIC_2023025,0.02276706569407167
ISIC_2024876,0.010280039406081437
ISIC_2025954,0.015466518943151947
ISIC_2026740,0.00906790235263338
ISIC_2026783,0.005941811339670448
ISIC_2027169,0.001271369456480849
ISIC_2027217,0.015126664736954419
ISIC_2028270,0.0129722229409786
ISIC_2028661,0.009952575752890295
ISIC_2028814,0.03433809174678591
ISIC_2030300,0.014127256148629088
ISIC_2030721,0.004683565060183669
ISIC_2031662,0.014915344873685754
ISIC_2031854,0.0055009873008861196
ISIC_2036286,0.005941811339670448
ISIC_2036808,0.015126664736954419
ISIC_2037167,0.019791146041157958
ISIC_2041483,0.015126664736954419
ISIC_2042663,0.009952575752890295
ISIC_2044484,0.0013631177677732816
ISIC_2045072,0.008415931616036676
ISIC_2046064,0.008415931616036676
ISIC_2047288,0.009927804828760723
ISIC_2048015,0.012131003805092005
ISIC_2048420,0.01689884214140311
ISIC_2048538,0.03831651051357626
ISIC_2052072,0.022212847455476865
ISIC_2052123,0.022212847455476865
ISIC_2052216,0.02588051704591062
ISIC_2052657,0.005941811339670448
ISIC_2053196,0.004683565060183669
ISIC_2057421,0.010503558736325164
ISIC_2057540,0.019795822322538497
ISIC_2058581,0.03398822797002655
ISIC_2060034,0.015466518943151947
ISIC_2061280,0.02276706569407167
ISIC_2061556,0.01740123568596671
ISIC_2061789,0.01976165566860573
ISIC_2062636,0.014630199843023608
ISIC_2063499,0.012131003805092005
ISIC_2063769,0.00906790235263338
ISIC_2064001,0.02588051704591062
ISIC_2064311,0.015725311437139004
ISIC_2065096,0.008530478933806988
ISIC_2066525,0.008056864087086356
ISIC_2068012,0.014630199843023608
ISIC_2070985,0.012131003805092005
ISIC_2072231,0.004807738528552053
ISIC_2072677,0.013452507403621503
ISIC_2073455,0.015126664736954419
ISIC_2076513,0.008056864087086356
ISIC_2076526,0.009927804828760723
ISIC_2077755,0.004771489988483082
ISIC_2078213,0.012328910648590203
ISIC_2078598,0.0722848228658311
ISIC_2081166,0.005941811339670448
ISIC_2081747,0.008415931616036676
ISIC_2082074,0.005941811339670448
ISIC_2082786,0.008056864087086356
ISIC_2083907,0.01740123568596671
ISIC_2085335,0.013768010652633004
ISIC_2085532,0.0013156460047165006
ISIC_2086396,0.008056864087086356
ISIC_2086981,0.008056864087086356
ISIC_2090096,0.012131003805092005
ISIC_2090447,0.015126664736954419
ISIC_2091124,0.012629440268433077
ISIC_2091552,0.012174434661010843
ISIC_2091778,0.018069681554864478
ISIC_2091950,0.011700519164688231
ISIC_2092207,0.002920195951381101
ISIC_2097849,0.0129722229409786
ISIC_2098283,0.02257937226692887
ISIC_2098553,0.012131003805092005
ISIC_2099194,0.018668244138113535
ISIC_2100541,0.023642728502995952
ISIC_2101606,0.008530478933806988
ISIC_2101858,0.019795822322538497
ISIC_2101968,0.018668244138113535
ISIC_2103282,0.008056864087086356
ISIC_2107222,0.00598938882998317
ISIC_2107726,0.09951294310887694
ISIC_2109743,0.029982022158407822
ISIC_2110127,0.015725311437139004
ISIC_2111533,0.001271369456480849
ISIC_2112305,0.008056864087086356
ISIC_2112785,0.008530478933806988
ISIC_2113940,0.004683565060183669
ISIC_2114050,0.02276706569407167
ISIC_2114263,0.011707822656926081
ISIC_2116270,0.02276706569407167
ISIC_2117237,0.0028434929779356626
ISIC_2117677,0.04350308921491678
ISIC_2121078,0.0429848807511717
ISIC_2121807,0.005941811339670448
ISIC_2123345,0.005941811339670448
ISIC_2123792,0.02124106680394157
ISIC_2124161,0.010537040391233472
ISIC_2124346,0.0055009873008861196
ISIC_2126077,0.02588051704591062
ISIC_2126643,0.014915344873685754
ISIC_2126660,0.022212847455476865
ISIC_2127268,0.03203972185253144
ISIC_2127295,0.008530478933806988
ISIC_2128231,0.0029382760772001847
ISIC_2128809,0.0032249371579026417
ISIC_2130246,0.007772264078099276
ISIC_2131119,0.009927804828760723
ISIC_2131410,0.0129722229409786
ISIC_2132834,0.005941811339670448
ISIC_2133395,0.0075476899945982594
ISIC_2135080,0.014127256148629088
ISIC_2135179,0.014915344873685754
ISIC_2135474,0.005350620887011314
ISIC_2137918,0.03433809174678591
ISIC_2138606,0.00842775661452177
ISIC_2139650,0.0078052151046173876
ISIC_2140269,0.0075476899945982594
ISIC_2141047,0.007772264078099276
ISIC_2141397,0.002920195951381101
ISIC_2141980,0.004771489988483082
ISIC_2143813,0.005941811339670448
ISIC_2144820,0.03433809174678591
ISIC_2146275,0.00598938882998317
ISIC_2146675,0.02588051704591062
ISIC_2147183,0.03843927835789775
ISIC_2150591,0.03060723748225591
ISIC_2151464,0.03203972185253144
ISIC_2153145,0.011700519164688231
ISIC_2153703,0.0038325340137393715
ISIC_2154611,0.023642728502995952
ISIC_2154887,0.003148152939857341
ISIC_2156704,0.013452507403621503
ISIC_2157987,0.012131003805092005
ISIC_2158828,0.018069681554864478
ISIC_2158927,0.014630199843023608
ISIC_2160108,0.01740123568596671
ISIC_2160245,0.009927804828760723
ISIC_2160556,0.004683565060183669
ISIC_2161474,0.015126664736954419
ISIC_2161550,0.015126664736954419
ISIC_2163889,0.005350620887011314
ISIC_2164236,0.008530478933806988
ISIC_2165271,0.00598938882998317
ISIC_2166967,0.015466518943151947
ISIC_2167112,0.02124106680394157
ISIC_2167475,0.007772264078099276
ISIC_2168492,0.0075476899945982594
ISIC_2168500,0.031127334649255597
ISIC_2169494,0.02588051704591062
ISIC_2169735,0.06021165937847699
ISIC_2169791,0.010280039406081437
ISIC_2170268,0.07419192833972765
ISIC_2170613,0.012174434661010843
ISIC_2172665,0.00598938882998317
ISIC_2173206,0.015466518943151947
ISIC_2173547,0.006640600724187732
ISIC_2173996,0.018069681554864478
ISIC_2174782,0.0075476899945982594
ISIC_2175166,0.014127256148629088
ISIC_2175185,0.014064874825764078
ISIC_2177135,0.0028434929779356626
ISIC_2177160,0.02588051704591062
ISIC_2177745,0.02124106680394157
ISIC_2178381,0.009927804828760723
ISIC_2180091,0.023642728502995952
ISIC_2181071,0.002920195951381101
ISIC_2181102,0.008056864087086356
ISIC_2186058,0.03203972185253144
ISIC_2186989,0.0075476899945982594
ISIC_2190511,0.0055009873008861196
ISIC_2192031,0.0055009873008861196
ISIC_2193384,0.008056864087086356
ISIC_2194488,0.0055009873008861196
ISIC_2195519,0.009927804828760723
ISIC_2196128,0.00842775661452177
ISIC_2197088,0.03297419037321229
ISIC_2197089,0.012131003805092005
ISIC_2197557,0.012131003805092005
ISIC_2199908,0.007772264078099276
ISIC_2199992,0.001335580035090993
ISIC_2200299,0.009952575752890295
ISIC_2200424,0.019791146041157958
ISIC_2200716,0.01663743219668443
ISIC_2201088,0.03203972185253144
ISIC_2201845,0.015126664736954419
ISIC_2203150,0.015126664736954419
ISIC_2206003,0.008056864087086356
ISIC_2206715,0.012131003805092005
ISIC_2206805,0.012629440268433077
ISIC_2206841,0.023176330689934875
ISIC_2207844,0.007772264078099276
ISIC_2209760,0.06560684379920026
ISIC_2210322,0.03433809174678591
ISIC_2211622,0.012131003805092005
ISIC_2212058,0.00842775661452177
ISIC_2212377,0.03019259795930689
ISIC_2213417,0.011700519164688231
ISIC_2214406,0.053025144868233696
ISIC_2215273,0.008056864087086356
ISIC_2216819,0.012131003805092005
ISIC_2218693,0.015126664736954419
ISIC_2219764,0.06021165937847699
ISIC_2220034,0.019791146041157958
ISIC_2221633,0.00842775661452177
ISIC_2222334,0.012629440268433077
ISIC_2222926,0.013768010652633004
ISIC_2222945,0.008415931616036676
ISIC_2223450,0.007772264078099276
ISIC_2225182,0.0029382760772001847
ISIC_2226191,0.013768010652633004
ISIC_2227222,0.004771489988483082
ISIC_2227618,0.002920195951381101
ISIC_2227977,0.0055009873008861196
ISIC_2230091,0.009927804828760723
ISIC_2231759,0.019795822322538497
ISIC_2232098,0.005350620887011314
ISIC_2232480,0.012328910648590203
ISIC_2234584,0.005350620887011314
ISIC_2234748,0.014630199843023608
ISIC_2235048,0.0055009873008861196
ISIC_2236063,0.004683565060183669
ISIC_2237180,0.03843927835789775
ISIC_2238588,0.005941811339670448
ISIC_2238649,0.002920195951381101
ISIC_2239209,0.010503558736325164
ISIC_2239493,0.014630199843023608
ISIC_2242712,0.013768010652633004
ISIC_2243016,0.02257937226692887
ISIC_2243107,0.023642728502995952
ISIC_2243446,0.012629440268433077
ISIC_2243709,0.005941811339670448
ISIC_2245413,0.03060723748225591
ISIC_2246018,0.029982022158407822
ISIC_2247265,0.005350620887011314
ISIC_2247854,0.007772264078099276
ISIC_2248386,0.011707822656926081
ISIC_2249437,0.009927804828760723
ISIC_2249717,0.023642728502995952
ISIC_2250003,0.014127256148629088
ISIC_2250096,0.00842775661452177
ISIC_2250635,0.09685926462597355
ISIC_2251334,0.029982022158407822
ISIC_2251650,0.0191434358070837
ISIC_2252108,0.008530478933806988
ISIC_2256559,0.007772264078099276
ISIC_2257079,0.00842775661452177
ISIC_2257432,0.014630199843023608
ISIC_2257581,0.03060723748225591
ISIC_2258860,0.018613614520153192
ISIC_2259890,0.053025144868233696
ISIC_2260408,0.015126664736954419
ISIC_2260510,0.008056864087086356
ISIC_2261214,0.0013156460047165006
ISIC_2261454,0.008530478933806988
ISIC_2261928,0.014127256148629088
ISIC_2262339,0.0013631177677732816
ISIC_2262452,0.004683565060183669
ISIC_2262489,0.019795822322538497
ISIC_2263660,0.03060723748225591
ISIC_2265045,0.008056864087086356
ISIC_2266450,0.005941811339670448
ISIC_2268765,0.012131003805092005
ISIC_2269465,0.014630199843023608
ISIC_2270724,0.007772264078099276
ISIC_2271491,0.004683565060183669
ISIC_2272001,0.014630199843023608
ISIC_2272503,0.004771489988483082
ISIC_2273163,0.004683565060183669
ISIC_2279726,0.005350620887011314
ISIC_2282109,0.00598938882998317
ISIC_2282345,0.005941811339670448
ISIC_2283208,0.019795822322538497
ISIC_2283437,0.011700519164688231
ISIC_2283737,0.032818041260116185
ISIC_2285024,0.03843927835789775
ISIC_2287032,0.012131003805092005
ISIC_2287895,0.005350620887011314
ISIC_2288144,0.04350308921491678
ISIC_2288850,0.03433809174678591
ISIC_2288903,0.005941811339670448
ISIC_2289103,0.03297419037321229
ISIC_2289266,0.019795822322538497
ISIC_2289760,0.014630199843023608
ISIC_2290433,0.005941811339670448
ISIC_2291540,0.012629440268433077
ISIC_2291889,0.019795822322538497
ISIC_2292060,0.013768010652633004
ISIC_2292062,0.015725311437139004
ISIC_2293792,0.03398822797002655
ISIC_2294184,0.022212847455476865
ISIC_2294460,0.012131003805092005
ISIC_2294605,0.005941811339670448
ISIC_2294700,0.014630199843023608
ISIC_2294715,0.0075476899945982594
ISIC_2295249,0.010503558736325164
ISIC_2295564,0.02588051704591062
ISIC_2295948,0.0055009873008861196
ISIC_2297362,0.0055009873008861196
ISIC_2298717,0.0055009873008861196
ISIC_2299874,0.023642728502995952
ISIC_2300548,0.00598938882998317
ISIC_2301872,0.008530478933806988
ISIC_2302436,0.031312262271327655
ISIC_2302963,0.014630199843023608
ISIC_2303199,0.009952575752890295
ISIC_2305526,0.009444458819572022
ISIC_2305597,0.011700519164688231
ISIC_2305889,0.012629440268433077
ISIC_2306515,0.002920195951381101
ISIC_2307680,0.008056864087086356
ISIC_2309234,0.014630199843023608
ISIC_2309583,0.023176330689934875
ISIC_2311833,0.00842775661452177
ISIC_2311953,0.023642728502995952
ISIC_2313463,0.005350620887011314
ISIC_2314122,0.013768010652633004
ISIC_2314219,0.02276706569407167
ISIC_2316085,0.0129722229409786
ISIC_2316690,0.018069681554864478
ISIC_2318474,0.022212847455476865
ISIC_2319713,0.009444458819572022
ISIC_2320858,0.008415931616036676
ISIC_2321599,0.004771489988483082
ISIC_2323273,0.011707822656926081
ISIC_2325773,0.023642728502995952
ISIC_2326526,0.007772264078099276
ISIC_2328559,0.009927804828760723
ISIC_2328759,0.002920195951381101
ISIC_2329290,0.023642728502995952
ISIC_2330496,0.013452507403621503
ISIC_2331559,0.007777789616118136
ISIC_2332472,0.008530478933806988
ISIC_2333413,0.008530478933806988
ISIC_2334056,0.012629440268433077
ISIC_2334396,0.012328910648590203
ISIC_2334432,0.001271369456480849
ISIC_2334492,0.008415931616036676
ISIC_2334754,0.03433809174678591
ISIC_2334952,0.018069681554864478
ISIC_2335211,0.014630199843023608
ISIC_2335684,0.0075476899945982594
ISIC_2336085,0.023642728502995952
ISIC_2336499,0.005350620887011314
ISIC_2338764,0.015466518943151947
ISIC_2338846,0.07128086699269456
ISIC_2341093,0.0129722229409786
ISIC_2341309,0.012131003805092005
ISIC_2341404,0.023642728502995952
ISIC_2342385,0.007772264078099276
ISIC_2343290,0.032818041260116185
ISIC_2343523,0.008056864087086356
ISIC_2343750,0.019795822322538497
ISIC_2345071,0.0129722229409786
ISIC_2346299,0.013768010652633004
ISIC_2346853,0.03060723748225591
ISIC_2347766,0.015126664736954419
ISIC_2348669,0.01689884214140311
ISIC_2349169,0.03203972185253144
ISIC_2349239,0.053025144868233696
ISIC_2349311,0.03203972185253144
ISIC_2349724,0.008056864087086356
ISIC_2350497,0.010503558736325164
ISIC_2352123,0.031312262271327655
ISIC_2353094,0.007772264078099276
ISIC_2354916,0.018069681554864478
ISIC_2356070,0.002920195951381101
ISIC_2359511,0.019791146041157958
ISIC_2360451,0.008056864087086356
ISIC_2360513,0.018613614520153192
ISIC_2361309,0.05461988606727832
ISIC_2362115,0.007772264078099276
ISIC_2365320,0.03203972185253144
ISIC_2366902,0.03297419037321229
ISIC_2367363,0.02298990630814576
ISIC_2367894,0.011700519164688231
ISIC_2368565,0.023642728502995952
ISIC_2370537,0.02276706569407167
ISIC_2370544,0.011707822656926081
ISIC_2371211,0.015126664736954419
ISIC_2372762,0.0129722229409786
ISIC_2373942,0.03433809174678591
ISIC_2374074,0.0721550682608462
ISIC_2374969,0.004771489988483082
ISIC_2374998,0.008056864087086356
ISIC_2375697,0.007772264078099276
ISIC_2376329,0.010537040391233472
ISIC_2377475,0.029982022158407822
ISIC_2377844,0.02124106680394157
ISIC_2378774,0.015466518943151947
ISIC_2378781,0.02257937226692887
ISIC_2379321,0.015126664736954419
ISIC_2380074,0.0055009873008861196
ISIC_2380257,0.015126664736954419
ISIC_2382043,0.009794253590667282
ISIC_2382142,0.012629440268433077
ISIC_2382612,0.018613614520153192
ISIC_2382928,0.02298990630814576
ISIC_2382937,0.03060723748225591
ISIC_2385082,0.01728583852632074
ISIC_2385269,0.005941811339670448
ISIC_2385371,0.008056864087086356
ISIC_2387464,0.015466518943151947
ISIC_2387801,0.013768010652633004
ISIC_2388019,0.053025144868233696
ISIC_2389201,0.013452507403621503
ISIC_2389605,0.008056864087086356
ISIC_2391447,0.009952575752890295
ISIC_2392314,0.0191434358070837
ISIC_2392880,0.005941811339670448
ISIC_2393711,0.0129722229409786
ISIC_2394570,0.009927804828760723
ISIC_2394733,0.04222222620740611
ISIC_2394875,0.004722229409786011
ISIC_2395136,0.0053968336111840124
ISIC_2397085,0.023642728502995952
ISIC_2398530,0.02276706569407167
ISIC_2399575,0.023642728502995952
ISIC_2400133,0.008415931616036676
ISIC_2400256,0.0129722229409786
ISIC_2401138,0.008530478933806988
ISIC_2402484,0.0191434358070837
ISIC_2402989,0.07128086699269456
ISIC_2403393,0.019791146041157958
ISIC_2404127,0.009952575752890295
ISIC_2404209,0.0075476899945982594
ISIC_2405568,0.007772264078099276
ISIC_2406564,0.008530478933806988
ISIC_2406681,0.0129722229409786
ISIC_2408338,0.008056864087086356
ISIC_2409179,0.015126664736954419
ISIC_2414610,0.005941811339670448
ISIC_2414637,0.01976165566860573
ISIC_2414770,0.015126664736954419
ISIC_2415304,0.012131003805092005
ISIC_2415429,0.009927804828760723
ISIC_2415441,0.010280039406081437
ISIC_2416262,0.031312262271327655
ISIC_2416534,0.02276706569407167
ISIC_2417746,0.012328910648590203
ISIC_2417927,0.005350620887011314
ISIC_2417982,0.012629440268433077
ISIC_2418299,0.04350308921491678
ISIC_2420755,0.014630199843023608
ISIC_2421248,0.005941811339670448
ISIC_2422421,0.0429848807511717
ISIC_2423944,0.01689884214140311
ISIC_2425720,0.0075476899945982594
ISIC_2426423,0.023642728502995952
ISIC_2427838,0.012629440268433077
ISIC_2428361,0.011700519164688231
ISIC_2428652,0.01976165566860573
ISIC_2428691,0.004683565060183669
ISIC_2430330,0.0129722229409786
ISIC_2430724,0.012131003805092005
ISIC_2431843,0.005941811339670448
ISIC_2431958,0.0722848228658311
ISIC_2433578,0.010280039406081437
ISIC_2434588,0.03433809174678591
ISIC_2434912,0.015126664736954419
ISIC_2435805,0.008415931616036676
ISIC_2437222,0.019795822322538497
ISIC_2438069,0.00598938882998317
ISIC_2438481,0.014915344873685754
ISIC_2439227,0.008056864087086356
ISIC_2443021,0.0055009873008861196
ISIC_2443172,0.007777789616118136
ISIC_2447694,0.0055009873008861196
ISIC_2447802,0.023642728502995952
ISIC_2453019,0.023642728502995952
ISIC_2453607,0.005941811339670448
ISIC_2454082,0.014630199843023608
ISIC_2454187,0.012174434661010843
ISIC_2455226,0.0721550682608462
ISIC_2455435,0.001271369456480849
ISIC_2457108,0.009952575752890295
ISIC_2457967,0.009118787825793676
ISIC_2458215,0.007772264078099276
ISIC_2460791,0.008056864087086356
ISIC_2461537,0.03060723748225591
ISIC_2461994,0.0055009873008861196
ISIC_2462762,0.03433809174678591
ISIC_2463217,0.009927804828760723
ISIC_2463262,0.0055009873008861196
ISIC_2464369,0.03433809174678591
ISIC_2466179,0.013768010652633004
ISIC_2466641,0.003148152939857341
ISIC_2467634,0.018069681554864478
ISIC_2467705,0.007777789616118136
ISIC_2467713,0.005941811339670448
ISIC_2467742,0.02124106680394157
ISIC_2467985,0.02276706569407167
ISIC_2468035,0.0055009873008861196
ISIC_2468915,0.015126664736954419
ISIC_2469321,0.02588051704591062
ISIC_2472358,0.014630199843023608
ISIC_2474708,0.022212847455476865
ISIC_2476534,0.009952575752890295
ISIC_2476859,0.02588051704591062
ISIC_2477987,0.0075476899945982594
ISIC_2478371,0.004807738528552053
ISIC_2478446,0.009927804828760723
ISIC_2479848,0.004807738528552053
ISIC_2480284,0.00598938882998317
ISIC_2481708,0.008056864087086356
ISIC_2481946,0.031127334649255597
ISIC_2481958,0.02276706569407167
ISIC_2482144,0.011707822656926081
ISIC_2483982,0.012131003805092005
ISIC_2484115,0.015126664736954419
ISIC_2484178,0.005941811339670448
ISIC_2484203,0.02276706569407167
ISIC_2485658,0.00598938882998317
ISIC_2485868,0.012131003805092005
ISIC_2486570,0.008530478933806988
ISIC_2486646,0.053025144868233696
ISIC_2486784,0.009927804828760723
ISIC_2487693,0.001335580035090993
ISIC_2488474,0.029982022158407822
ISIC_2488804,0.004771489988483082
ISIC_2489071,0.004807738528552053
ISIC_2490163,0.004807738528552053
ISIC_2490327,0.03398822797002655
ISIC_2491883,0.031127334649255597
ISIC_2493881,0.012131003805092005
ISIC_2495255,0.014630199843023608
ISIC_2495802,0.008415931616036676
ISIC_2497011,0.004683565060183669
ISIC_2497422,0.012629440268433077
ISIC_2498361,0.005941811339670448
ISIC_2498534,0.008415931616036676
ISIC_2498620,0.01740123568596671
ISIC_2499041,0.008056864087086356
ISIC_2501615,0.004683565060183669
ISIC_2501699,0.003148152939857341
ISIC_2503360,0.023642728502995952
ISIC_2504419,0.0721550682608462
ISIC_2504778,0.018613614520153192
ISIC_2505832,0.007777789616118136
ISIC_2506654,0.009952575752890295
ISIC_2507875,0.002920195951381101
ISIC_2509316,0.023176330689934875
ISIC_2510291,0.01689884214140311
ISIC_2512303,0.015126664736954419
ISIC_2512550,0.005350620887011314
ISIC_2512613,0.003148152939857341
ISIC_2513195,0.0129722229409786
ISIC_2513408,0.00842775661452177
ISIC_2515419,0.018069681554864478
ISIC_2516818,0.005350620887011314
ISIC_2516903,0.009927804828760723
ISIC_2518102,0.001335580035090993
ISIC_2518681,0.015126664736954419
ISIC_2519003,0.0035735790128110356
ISIC_2519009,0.011700519164688231
ISIC_2521670,0.03433809174678591
ISIC_2521951,0.012629440268433077
ISIC_2522121,0.009927804828760723
ISIC_2522990,0.03433809174678591
ISIC_2523154,0.03203972185253144
ISIC_2524304,0.012629440268433077
ISIC_2525897,0.014630199843023608
ISIC_2528358,0.019791146041157958
ISIC_2529965,0.01740123568596671
ISIC_2530380,0.004771489988483082
ISIC_2530544,0.008530478933806988
ISIC_2530646,0.01976165566860573
ISIC_2530832,0.03433809174678591
ISIC_2531776,0.031312262271327655
ISIC_2531927,0.0129722229409786
ISIC_2532737,0.008530478933806988
ISIC_2535069,0.012629440268433077
ISIC_2535128,0.011700519164688231
ISIC_2538799,0.019791146041157958
ISIC_2539351,0.03203972185253144
ISIC_2539633,0.019791146041157958
ISIC_2539805,0.012629440268433077
ISIC_2542440,0.01976165566860573
ISIC_2543097,0.004807738528552053
ISIC_2543386,0.0129722229409786
ISIC_2544347,0.024793036214666993
ISIC_2545971,0.013768010652633004
ISIC_2547752,0.007772264078099276
ISIC_2548780,0.0013156460047165006
ISIC_2550073,0.012629440268433077
ISIC_2550217,0.001271369456480849
ISIC_2550632,0.007777789616118136
ISIC_2550946,0.015466518943151947
ISIC_2550997,0.07128086699269456
ISIC_2551086,0.002920195951381101
ISIC_2551089,0.011700519164688231
ISIC_2551111,0.004683565060183669
ISIC_2552055,0.00598938882998317
ISIC_2552351,0.013768010652633004
ISIC_2552770,0.001271369456480849
ISIC_2554668,0.023642728502995952
ISIC_2556450,0.005941811339670448
ISIC_2559237,0.018668244138113535
ISIC_2560699,0.03433809174678591
ISIC_2561895,0.014127256148629088
ISIC_2561898,0.008056864087086356
ISIC_2563545,0.008056864087086356
ISIC_2563680,0.0721550682608462
ISIC_2566474,0.018613614520153192
ISIC_2566780,0.014630199843023608
ISIC_2567217,0.011700519164688231
ISIC_2567231,0.031127334649255597
ISIC_2567239,0.008530478933806988
ISIC_2568399,0.00826390146712552
ISIC_2568903,0.009118787825793676
ISIC_2568954,0.008530478933806988
ISIC_2569869,0.00987847536678138
ISIC_2569931,0.018069681554864478
ISIC_2570280,0.01740123568596671
ISIC_2570815,0.008415931616036676
ISIC_2571600,0.005941811339670448
ISIC_2572301,0.004807738528552053
ISIC_2573270,0.0029382760772001847
ISIC_2573713,0.007777789616118136
ISIC_2574347,0.03203972185253144
ISIC_2574545,0.011707822656926081
ISIC_2574854,0.008056864087086356
ISIC_2575740,0.009952575752890295
ISIC_2576499,0.02276706569407167
ISIC_2577765,0.015126664736954419
ISIC_2577849,0.009927804828760723
ISIC_2578191,0.023642728502995952
ISIC_2578562,0.02124106680394157
ISIC_2581544,0.03203972185253144
ISIC_2582580,0.008530478933806988
ISIC_2582691,0.05268520195616736
ISIC_2582869,0.013452507403621503
ISIC_2586009,0.004683565060183669
ISIC_2586249,0.007772264078099276
ISIC_2588457,0.0129722229409786
ISIC_2588690,0.0055009873008861196
ISIC_2588932,0.013918149839369296
ISIC_2589886,0.023642728502995952
ISIC_2591032,0.014915344873685754
ISIC_2591086,0.0075476899945982594
ISIC_2591810,0.012629440268433077
ISIC_2594538,0.004683565060183669
ISIC_2594596,0.023176330689934875
ISIC_2595762,0.031127334649255597
ISIC_2596120,0.009927804828760723
ISIC_2596360,0.0029382760772001847
ISIC_2598603,0.018668244138113535
ISIC_2599282,0.05057779387792067
ISIC_2600282,0.008056864087086356
ISIC_2600298,0.0055009873008861196
ISIC_2600465,0.008530478933806988
ISIC_2600649,0.031312262271327655
ISIC_2600849,0.02276706569407167
ISIC_2601658,0.001271369456480849
ISIC_2601827,0.007772264078099276
ISIC_2603428,0.001271369456480849
ISIC_2604426,0.004683565060183669
ISIC_2605953,0.012629440268433077
ISIC_2606454,0.008056864087086356
ISIC_2607622,0.005941811339670448
ISIC_2607761,0.008056864087086356
ISIC_2609978,0.018613614520153192
ISIC_2610536,0.02588051704591062
ISIC_2610835,0.0028434929779356626
ISIC_2611114,0.004807738528552053
ISIC_2611496,0.013768010652633004
ISIC_2613083,0.007772264078099276
ISIC_2613108,0.03433809174678591
ISIC_2613282,0.00598938882998317
ISIC_2613344,0.007772264078099276
ISIC_2613780,0.023642728502995952
ISIC_2613789,0.002920195951381101
ISIC_2613930,0.00598938882998317
ISIC_2615257,0.008056864087086356
ISIC_2615668,0.019795822322538497
ISIC_2615759,0.00598938882998317
ISIC_2616322,0.007835449297397983
ISIC_2618851,0.0055009873008861196
ISIC_2621151,0.010503558736325164
ISIC_2621695,0.018613614520153192
ISIC_2622879,0.004807738528552053
ISIC_2623074,0.015126664736954419
ISIC_2623187,0.014915344873685754
ISIC_2625601,0.0055009873008861196
ISIC_2626522,0.008415931616036676
ISIC_2629586,0.008056864087086356
ISIC_2630389,0.005941811339670448
ISIC_2630515,0.009927804828760723
ISIC_2631078,0.0721550682608462
ISIC_2632592,0.008530478933806988
ISIC_2632644,0.012629440268433077
ISIC_2634029,0.0055009873008861196
ISIC_2635420,0.019791146041157958
ISIC_2635638,0.019791146041157958
ISIC_2635909,0.03060723748225591
ISIC_2636640,0.023642728502995952
ISIC_2639201,0.005941811339670448
ISIC_2640176,0.0129722229409786
ISIC_2640777,0.007772264078099276
ISIC_2642228,0.02124106680394157
ISIC_2644793,0.004771489988483082
ISIC_2645900,0.0722848228658311
ISIC_2646237,0.012174434661010843
ISIC_2647353,0.011700519164688231
ISIC_2647881,0.03203972185253144
ISIC_2649036,0.019795822322538497
ISIC_2650588,0.009927804828760723
ISIC_2650966,0.03203972185253144
ISIC_2651134,0.03843927835789775
ISIC_2651324,0.019795822322538497
ISIC_2651405,0.004771489988483082
ISIC_2653979,0.03297419037321229
ISIC_2656229,0.012174434661010843
ISIC_2657227,0.008056864087086356
ISIC_2657760,0.023176330689934875
ISIC_2659436,0.008415931616036676
ISIC_2660824,0.004807738528552053
ISIC_2661607,0.008056864087086356
ISIC_2662261,0.0055009873008861196
ISIC_2664224,0.005941811339670448
ISIC_2665667,0.012629440268433077
ISIC_2667536,0.002920195951381101
ISIC_2669216,0.014630199843023608
ISIC_2670221,0.007772264078099276
ISIC_2671409,0.02276706569407167
ISIC_2672734,0.008056864087086356
ISIC_2672880,0.002920195951381101
ISIC_2673001,0.013768010652633004
ISIC_2674316,0.014630199843023608
ISIC_2674741,0.014127256148629088
ISIC_2675336,0.007772264078099276
ISIC_2676053,0.008056864087086356
ISIC_2680392,0.04222222620740611
ISIC_2680409,0.0055009873008861196
ISIC_2683058,0.03433809174678591
ISIC_2684502,0.018668244138113535
ISIC_2684650,0.014630199843023608
ISIC_2686371,0.014630199843023608
ISIC_2688468,0.007147158025622071
ISIC_2688499,0.014915344873685754
ISIC_2689674,0.009952575752890295
ISIC_2690375,0.004771489988483082
ISIC_2690862,0.012131003805092005
ISIC_2691534,0.004683565060183669
ISIC_2692722,0.02276706569407167
ISIC_2693087,0.015126664736954419
ISIC_2693128,0.012131003805092005
ISIC_2694332,0.015126664736954419
ISIC_2695358,0.019795822322538497
ISIC_2695905,0.005350620887011314
ISIC_2698346,0.023642728502995952
ISIC_2698764,0.015126664736954419
ISIC_2700394,0.01728583852632074
ISIC_2701388,0.023642728502995952
ISIC_2701399,0.0055009873008861196
ISIC_2702465,0.008415931616036676
ISIC_2702974,0.02257937226692887
ISIC_2703646,0.005941811339670448
ISIC_2704199,0.001335580035090993
ISIC_2705044,0.009927804828760723
ISIC_2707719,0.03297419037321229
ISIC_2709532,0.01976165566860573
ISIC_2713090,0.015725311437139004
ISIC_2713319,0.008056864087086356
ISIC_2713862,0.008056864087086356
ISIC_2715548,0.05057779387792067
ISIC_2717613,0.031312262271327655
ISIC_2719637,0.015126664736954419
ISIC_2719899,0.013452507403621503
ISIC_2720185,0.015126664736954419
ISIC_2720307,0.014915344873685754
ISIC_2722040,0.005350620887011314
ISIC_2722327,0.029982022158407822
ISIC_2722675,0.004683565060183669
ISIC_2722886,0.03433809174678591
ISIC_2722983,0.010503558736325164
ISIC_2725695,0.023642728502995952
ISIC_2726427,0.015126664736954419
ISIC_2727522,0.008415931616036676
ISIC_2729776,0.012131003805092005
ISIC_2729796,0.03433809174678591
ISIC_2730156,0.002920195951381101
ISIC_2730923,0.015126664736954419
ISIC_2731715,0.007147158025622071
ISIC_2731928,0.023176330689934875
ISIC_2732174,0.04350308921491678
ISIC_2732410,0.022212847455476865
ISIC_2732844,0.018668244138113535
ISIC_2733360,0.012328910648590203
ISIC_2734107,0.012131003805092005
ISIC_2735323,0.00598938882998317
ISIC_2735640,0.005941811339670448
ISIC_2736438,0.02124106680394157
ISIC_2737135,0.00906790235263338
ISIC_2740259,0.03433809174678591
ISIC_2740732,0.007772264078099276
ISIC_2740978,0.023642728502995952
ISIC_2742109,0.015126664736954419
ISIC_2742701,0.03433809174678591
ISIC_2743059,0.002920195951381101
ISIC_2743397,0.01740123568596671
ISIC_2743801,0.04295322167036864
ISIC_2744942,0.013452507403621503
ISIC_2744963,0.00598938882998317
ISIC_2745184,0.02588051704591062
ISIC_2746899,0.023415645313852162
ISIC_2751389,0.012131003805092005
ISIC_2751925,0.008530478933806988
ISIC_2753638,0.0429848807511717
ISIC_2756299,0.005350620887011314
ISIC_2757628,0.008415931616036676
ISIC_2757879,0.0075476899945982594
ISIC_2758441,0.008056864087086356
ISIC_2759341,0.005941811339670448
ISIC_2760625,0.008056864087086356
ISIC_2761222,0.012629440268433077
ISIC_2762381,0.03433809174678591
ISIC_2762655,0.019795822322538497
ISIC_2762755,0.008530478933806988
ISIC_2764446,0.008415931616036676
ISIC_2765345,0.00987847536678138
ISIC_2765677,0.014127256148629088
ISIC_2766032,0.009952575752890295
ISIC_2766590,0.003148152939857341
ISIC_2768407,0.0055009873008861196
ISIC_2768840,0.009927804828760723
ISIC_2769811,0.0075476899945982594
ISIC_2770298,0.008056864087086356
ISIC_2771030,0.008415931616036676
ISIC_2775262,0.1360185352895007
ISIC_2775569,0.019795822322538497
ISIC_2779036,0.012131003805092005
ISIC_2780480,0.019795822322538497
ISIC_2780505,0.004683565060183669
ISIC_2781230,0.019795822322538497
ISIC_2781714,0.02298990630814576
ISIC_2782439,0.0027262355355465633
ISIC_2783061,0.019795822322538497
ISIC_2783585,0.01976165566860573
ISIC_2783710,0.008056864087086356
ISIC_2784408,0.003148152939857341
ISIC_2785646,0.005941811339670448
ISIC_2785814,0.023642728502995952
ISIC_2785976,0.022212847455476865
ISIC_2786319,0.002920195951381101
ISIC_2788245,0.004771489988483082
ISIC_2789714,0.008056864087086356
ISIC_2791655,0.014915344873685754
ISIC_2793133,0.001271369456480849
ISIC_2793703,0.01689884214140311
ISIC_2797372,0.012629440268433077
ISIC_2799021,0.008415931616036676
ISIC_2799268,0.007772264078099276
ISIC_2801139,0.004771489988483082
ISIC_2802301,0.00842775661452177
ISIC_2802346,0.012131003805092005
ISIC_2802408,0.00906790235263338
ISIC_2803179,0.010503558736325164
ISIC_2803506,0.015126664736954419
ISIC_2804825,0.03433809174678591
ISIC_2806461,0.012131003805092005
ISIC_2806463,0.00987847536678138
ISIC_2807001,0.014630199843023608
ISIC_2807040,0.008056864087086356
ISIC_2807921,0.014127256148629088
ISIC_2808393,0.012629440268433077
ISIC_2808964,0.002920195951381101
ISIC_2809430,0.018613614520153192
ISIC_2810153,0.004771489988483082
ISIC_2811093,0.008415931616036676
ISIC_2811687,0.009952575752890295
ISIC_2811919,0.0191434358070837
ISIC_2812284,0.00906790235263338
ISIC_2813459,0.008530478933806988
ISIC_2814272,0.012328910648590203
ISIC_2816050,0.0075476899945982594
ISIC_2816092,0.02124106680394157
ISIC_2817101,0.009927804828760723
ISIC_2817197,0.010503558736325164
ISIC_2817832,0.005941811339670448
ISIC_2818153,0.014127256148629088
ISIC_2819480,0.04350308921491678
ISIC_2821487,0.023642728502995952
ISIC_2822174,0.03843927835789775
ISIC_2822416,0.014915344873685754
ISIC_2822889,0.012629440268433077
ISIC_2823266,0.012328910648590203
ISIC_2823299,0.005941811339670448
ISIC_2824061,0.013768010652633004
ISIC_2824480,0.02257937226692887
ISIC_2824922,0.03019259795930689
ISIC_2826192,0.09951294310887694
ISIC_2827942,0.02588051704591062
ISIC_2828156,0.06560684379920026
ISIC_2828811,0.005941811339670448
ISIC_2829040,0.012131003805092005
ISIC_2829089,0.012131003805092005
ISIC_2832441,0.023642728502995952
ISIC_2832532,0.03203972185253144
ISIC_2834420,0.08200855474900032
ISIC_2835116,0.012629440268433077
ISIC_2837857,0.011700519164688231
ISIC_2838169,0.018613614520153192
ISIC_2838180,0.005350620887011314
ISIC_2839742,0.03060723748225591
ISIC_2840019,0.014064874825764078
ISIC_2841788,0.02588051704591062
ISIC_2844227,0.014630199843023608
ISIC_2844792,0.029982022158407822
ISIC_2845014,0.01689884214140311
ISIC_2845028,0.0038325340137393715
ISIC_2848326,0.03060723748225591
ISIC_2849601,0.07962060602312236
ISIC_2852457,0.03019259795930689
ISIC_2853193,0.008056864087086356
ISIC_2855421,0.005350620887011314
ISIC_2855923,0.01740123568596671
ISIC_2858057,0.015466518943151947
ISIC_2860159,0.012174434661010843
ISIC_2861073,0.004683565060183669
ISIC_2861615,0.02257937226692887
ISIC_2862111,0.014915344873685754
ISIC_2862576,0.02257937226692887
ISIC_2864571,0.03398822797002655
ISIC_2864786,0.019795822322538497
ISIC_2865092,0.001335580035090993
ISIC_2866348,0.005350620887011314
ISIC_2866924,0.009927804828760723
ISIC_2867827,0.007772264078099276
ISIC_2869298,0.008530478933806988
ISIC_2869500,0.014630199843023608
ISIC_2870598,0.015126664736954419
ISIC_2871866,0.015126664736954419
ISIC_2875804,0.014127256148629088
ISIC_2879103,0.014127256148629088
ISIC_2879319,0.011700519164688231
ISIC_2879870,0.02588051704591062
ISIC_2880938,0.05849383163275574
ISIC_2881137,0.010503558736325164
ISIC_2882183,0.02298990630814576
ISIC_2882715,0.014127256148629088
ISIC_2882963,0.00906790235263338
ISIC_2883463,0.05268520195616736
ISIC_2883756,0.03398822797002655
ISIC_2884058,0.0191434358070837
ISIC_2885348,0.004807738528552053
ISIC_2885577,0.004683565060183669
ISIC_2885718,0.003148152939857341
ISIC_2885741,0.0129722229409786
ISIC_2886991,0.014915344873685754
ISIC_2887299,0.06021165937847699
ISIC_2887604,0.03060723748225591
ISIC_2889328,0.015126664736954419
ISIC_2890008,0.00598938882998317
ISIC_2890538,0.007772264078099276
ISIC_2893689,0.008056864087086356
ISIC_2893969,0.008415931616036676
ISIC_2894619,0.03433809174678591
ISIC_2897386,0.008415931616036676
ISIC_2898876,0.023642728502995952
ISIC_2899485,0.022212847455476865
ISIC_2900065,0.007835449297397983
ISIC_2900150,0.06560684379920026
ISIC_2901036,0.00842775661452177
ISIC_2901070,0.008056864087086356
ISIC_2906353,0.019795822322538497
ISIC_2906357,0.008056864087086356
ISIC_2906649,0.005941811339670448
ISIC_2907414,0.0013631177677732816
ISIC_2908210,0.004683565060183669
ISIC_2909250,0.007772264078099276
ISIC_2909338,0.006640600724187732
ISIC_2909747,0.012131003805092005
ISIC_2910374,0.004683565060183669
ISIC_2911033,0.014630199843023608
ISIC_2911378,0.004683565060183669
ISIC_2912359,0.006640600724187732
ISIC_2912524,0.007777789616118136
ISIC_2913511,0.014127256148629088
ISIC_2914164,0.0028434929779356626
ISIC_2914431,0.023176330689934875
ISIC_2914650,0.0721550682608462
ISIC_2919248,0.03398822797002655
ISIC_2922356,0.008056864087086356
ISIC_2922450,0.0722848228658311
ISIC_2922688,0.014630199843023608
ISIC_2922876,0.005941811339670448
ISIC_2924876,0.002920195951381101
ISIC_2926599,0.010503558736325164
ISIC_2927268,0.02257937226692887
ISIC_2928166,0.005941811339670448
ISIC_2928329,0.00842775661452177
ISIC_2929442,0.007772264078099276
ISIC_2930982,0.0129722229409786
ISIC_2931955,0.004807738528552053
ISIC_2933054,0.0191434358070837
ISIC_2939230,0.013768010652633004
ISIC_2939559,0.002920195951381101
ISIC_2939632,0.00598938882998317
ISIC_2940341,0.03843927835789775
ISIC_2941121,0.014630199843023608
ISIC_2941506,0.03843927835789775
ISIC_2944324,0.019795822322538497
ISIC_2944785,0.015126664736954419
ISIC_2945698,0.005288896938960333
ISIC_2945726,0.004683565060183669
ISIC_2946293,0.010503558736325164
ISIC_2946358,0.0129722229409786
ISIC_2947373,0.008056864087086356
ISIC_2948729,0.002920195951381101
ISIC_2950913,0.00598938882998317
ISIC_2951472,0.03433809174678591
ISIC_2952110,0.015126664736954419
ISIC_2953931,0.013768010652633004
ISIC_2954205,0.008530478933806988
ISIC_2954422,0.03398822797002655
ISIC_2954737,0.009927804828760723
ISIC_2955552,0.018069681554864478
ISIC_2958724,0.03433809174678591
ISIC_2960792,0.008530478933806988
ISIC_2961790,0.09685926462597355
ISIC_2961837,0.005941811339670448
ISIC_2962245,0.01689884214140311
ISIC_2964421,0.0055009873008861196
ISIC_2964511,0.02124106680394157
ISIC_2964600,0.012131003805092005
ISIC_2966319,0.03398822797002655
ISIC_2966600,0.01976165566860573
ISIC_2968104,0.01663743219668443
ISIC_2968365,0.013452507403621503
ISIC_2968715,0.03203972185253144
ISIC_2970268,0.004683565060183669
ISIC_2970783,0.011018535289500692
ISIC_2972178,0.005941811339670448
ISIC_2973598,0.01663743219668443
ISIC_2973910,0.015126664736954419
ISIC_2974420,0.012131003805092005
ISIC_2976697,0.015126664736954419
ISIC_2976936,0.023642728502995952
ISIC_2979177,0.08200855474900032
ISIC_2979296,0.0129722229409786
ISIC_2982140,0.00906790235263338
ISIC_2985099,0.008530478933806988
ISIC_2987555,0.013452507403621503
ISIC_2988031,0.012629440268433077
ISIC_2988842,0.023176330689934875
ISIC_2989863,0.015466518943151947
ISIC_2990790,0.00598938882998317
ISIC_2990982,0.015126664736954419
ISIC_2992298,0.013452507403621503
ISIC_2994593,0.01740123568596671
ISIC_2995410,0.05461988606727832
ISIC_2995868,0.06654972878673772
ISIC_2996554,0.012131003805092005
ISIC_2997653,0.023642728502995952
ISIC_2999870,0.012328910648590203
ISIC_3000694,0.023642728502995952
ISIC_3001010,0.012629440268433077
ISIC_3001416,0.03203972185253144
ISIC_3001939,0.018668244138113535
ISIC_3003131,0.0013631177677732816
ISIC_3004197,0.002920195951381101
ISIC_3004536,0.00842775661452177
ISIC_3006001,0.02588051704591062
ISIC_3006353,0.009952575752890295
ISIC_3006985,0.014915344873685754
ISIC_3009035,0.029982022158407822
ISIC_3010124,0.00598938882998317
ISIC_3010492,0.01689884214140311
ISIC_3013153,0.015126664736954419
ISIC_3016106,0.0055009873008861196
ISIC_3016243,0.1360185352895007
ISIC_3016409,0.03398822797002655
ISIC_3017624,0.004683565060183669
ISIC_3017944,0.01689884214140311
ISIC_3018548,0.0028434929779356626
ISIC_3018869,0.019795822322538497
ISIC_3019231,0.012131003805092005
ISIC_3019849,0.004683565060183669
ISIC_3021712,0.03297419037321229
ISIC_3024297,0.03297419037321229
ISIC_3025125,0.015126664736954419
ISIC_3025179,0.023176330689934875
ISIC_3025776,0.005941811339670448
ISIC_3026294,0.007777789616118136
ISIC_3026301,0.007772264078099276
ISIC_3029757,0.015466518943151947
ISIC_3031742,0.004683565060183669
ISIC_3034071,0.018613614520153192
ISIC_3034194,0.03398822797002655
ISIC_3034496,0.023642728502995952
ISIC_3034590,0.013452507403621503
ISIC_3034634,0.018613614520153192
ISIC_3035013,0.008056864087086356
ISIC_3035671,0.00598938882998317
ISIC_3035934,0.004683565060183669
ISIC_3036806,0.005941811339670448
ISIC_3038801,0.0075476899945982594
ISIC_3040215,0.015126664736954419
ISIC_3046579,0.0078052151046173876
ISIC_3046977,0.002920195951381101
ISIC_3048391,0.015126664736954419
ISIC_3048601,0.012629440268433077
ISIC_3049863,0.0075476899945982594
ISIC_3050025,0.031312262271327655
ISIC_3050241,0.013452507403621503
ISIC_3050256,0.008056864087086356
ISIC_3050591,0.013768010652633004
ISIC_3050726,0.00598938882998317
ISIC_3051087,0.02588051704591062
ISIC_3051428,0.009927804828760723
ISIC_3052742,0.015725311437139004
ISIC_3053615,0.0075476899945982594
ISIC_3054208,0.005941811339670448
ISIC_3055086,0.004771489988483082
ISIC_3056153,0.011700519164688231
ISIC_3056816,0.012328910648590203
ISIC_3056827,0.008530478933806988
ISIC_3057291,0.012131003805092005
ISIC_3057622,0.008415931616036676
ISIC_3059224,0.002920195951381101
ISIC_3059916,0.06560684379920026
ISIC_3060142,0.02588051704591062
ISIC_3060292,0.001335580035090993
ISIC_3061295,0.008056864087086356
ISIC_3061715,0.023642728502995952
ISIC_3061920,0.0075476899945982594
ISIC_3063951,0.005941811339670448
ISIC_3064913,0.009927804828760723
ISIC_3065173,0.007772264078099276
ISIC_3066210,0.008530478933806988
ISIC_3067112,0.023642728502995952
ISIC_3069602,0.008056864087086356
ISIC_3073305,0.012131003805092005
ISIC_3073626,0.02257937226692887
ISIC_3073822,0.0055009873008861196
ISIC_3075041,0.015126664736954419
ISIC_3077337,0.0129722229409786
ISIC_3077737,0.013452507403621503
ISIC_3078390,0.014127256148629088
ISIC_3078669,0.012328910648590203
ISIC_3078876,0.00598938882998317
ISIC_3080264,0.002920195951381101
ISIC_3080291,0.004683565060183669
ISIC_3080994,0.012131003805092005
ISIC_3081722,0.012328910648590203
ISIC_3082434,0.0055009873008861196
ISIC_3082829,0.0129722229409786
ISIC_3083302,0.010537040391233472
ISIC_3084021,0.00906790235263338
ISIC_3085039,0.012131003805092005
ISIC_3086004,0.012131003805092005
ISIC_3086392,0.012131003805092005
ISIC_3086566,0.0129722229409786
ISIC_3086993,0.014915344873685754
ISIC_3088239,0.0055009873008861196
ISIC_3089241,0.004683565060183669
ISIC_3090818,0.007772264078099276
ISIC_3091500,0.014630199843023608
ISIC_3091594,0.031312262271327655
ISIC_3091968,0.002920195951381101
ISIC_3091975,0.013768010652633004
ISIC_3092993,0.012629440268433077
ISIC_3093141,0.012131003805092005
ISIC_3096116,0.018613614520153192
ISIC_3097494,0.01740123568596671
ISIC_3100039,0.0055009873008861196
ISIC_3100274,0.008530478933806988
ISIC_3100359,0.02588051704591062
ISIC_3100379,0.005941811339670448
ISIC_3100433,0.02276706569407167
ISIC_3100513,0.031312262271327655
ISIC_3101113,0.004683565060183669
ISIC_3101558,0.01689884214140311
ISIC_3105094,0.005941811339670448
ISIC_3105463,0.0055009873008861196
ISIC_3105863,0.015126664736954419
ISIC_3106083,0.005941811339670448
ISIC_3109975,0.004683565060183669
ISIC_3111332,0.015126664736954419
ISIC_3112707,0.013768010652633004
ISIC_3113447,0.014127256148629088
ISIC_3114484,0.004683565060183669
ISIC_3115114,0.02124106680394157
ISIC_3115397,0.04710108907479712
ISIC_3115713,0.008415931616036676
ISIC_3116793,0.008415931616036676
ISIC_3117522,0.03433809174678591
ISIC_3118476,0.008056864087086356
ISIC_3119515,0.05461988606727832
ISIC_3125596,0.018613614520153192
ISIC_3127583,0.03203972185253144
ISIC_3127993,0.01728583852632074
ISIC_3129234,0.008056864087086356
ISIC_3130286,0.015466518943151947
ISIC_3130826,0.022212847455476865
ISIC_3133510,0.005941811339670448
ISIC_3135659,0.005941811339670448
ISIC_3135797,0.023642728502995952
ISIC_3136416,0.012629440268433077
ISIC_3136517,0.004807738528552053
ISIC_3137228,0.012328910648590203
ISIC_3138826,0.015466518943151947
ISIC_3139801,0.018668244138113535
ISIC_3140781,0.014127256148629088
ISIC_3140894,0.03433809174678591
ISIC_3143496,0.008530478933806988
ISIC_3143811,0.03843927835789775
ISIC_3144013,0.013452507403621503
ISIC_3144497,0.010503558736325164
ISIC_3147141,0.014630199843023608
ISIC_3148766,0.01689884214140311
ISIC_3149300,0.014127256148629088
ISIC_3150364,0.009927804828760723
ISIC_3150831,0.0191434358070837
ISIC_3151136,0.005941811339670448
ISIC_3151787,0.00906790235263338
ISIC_3152647,0.018069681554864478
ISIC_3152679,0.005350620887011314
ISIC_3156629,0.007772264078099276
ISIC_3156673,0.03433809174678591
ISIC_3157196,0.07128086699269456
ISIC_3157212,0.004683565060183669
ISIC_3157966,0.008056864087086356
ISIC_3158528,0.004683565060183669
ISIC_3159265,0.019791146041157958
ISIC_3160330,0.0078052151046173876
ISIC_3160366,0.00598938882998317
ISIC_3161587,0.0055009873008861196
ISIC_3162378,0.009952575752890295
ISIC_3162471,0.002920195951381101
ISIC_3162606,0.031127334649255597
ISIC_3163483,0.009927804828760723
ISIC_3164325,0.008415931616036676
ISIC_3164346,0.007772264078099276
ISIC_3164996,0.005350620887011314
ISIC_3165142,0.005350620887011314
ISIC_3166213,0.008056864087086356
ISIC_3166913,0.005941811339670448
ISIC_3169364,0.008415931616036676
ISIC_3169421,0.007772264078099276
ISIC_3169710,0.023642728502995952
ISIC_3169779,0.0191434358070837
ISIC_3170107,0.0129722229409786
ISIC_3170352,0.004683565060183669
ISIC_3171000,0.014127256148629088
ISIC_3172378,0.008056864087086356
ISIC_3173748,0.02257937226692887
ISIC_3174508,0.00598938882998317
ISIC_3174659,0.015126664736954419
ISIC_3174720,0.005941811339670448
ISIC_3174785,0.0191434358070837
ISIC_3176675,0.0075476899945982594
ISIC_3177052,0.008530478933806988
ISIC_3177069,0.008415931616036676
ISIC_3177698,0.004771489988483082
ISIC_3178144,0.008530478933806988
ISIC_3178424,0.005350620887011314
ISIC_3178543,0.03512346797077824
ISIC_3182083,0.015725311437139004
ISIC_3182255,0.03060723748225591
ISIC_3182801,0.03433809174678591
ISIC_3183568,0.006640600724187732
ISIC_3187460,0.015126664736954419
ISIC_3187793,0.01322224234740083
ISIC_3188729,0.014127256148629088
ISIC_3189157,0.008056864087086356
ISIC_3191573,0.015466518943151947
ISIC_3191607,0.01728583852632074
ISIC_3192101,0.015126664736954419
ISIC_3192643,0.029982022158407822
ISIC_3192921,0.009118787825793676
ISIC_3193225,0.008530478933806988
ISIC_3193920,0.0075476899945982594
ISIC_3194283,0.008530478933806988
ISIC_3196004,0.004683565060183669
ISIC_3197088,0.006640600724187732
ISIC_3197746,0.023642728502995952
ISIC_3197993,0.011700519164688231
ISIC_3198399,0.00842775661452177
ISIC_3199911,0.014630199843023608
ISIC_3201901,0.03433809174678591
ISIC_3202345,0.006640600724187732
ISIC_3203927,0.014127256148629088
ISIC_3204260,0.02276706569407167
ISIC_3205427,0.023642728502995952
ISIC_3205459,0.014630199843023608
ISIC_3205782,0.008056864087086356
ISIC_3206928,0.018613614520153192
ISIC_3207205,0.009952575752890295
ISIC_3207493,0.004807738528552053
ISIC_3208994,0.005350620887011314
ISIC_3209674,0.00598938882998317
ISIC_3209894,0.014915344873685754
ISIC_3210122,0.014915344873685754
ISIC_3210295,0.007772264078099276
ISIC_3211391,0.007772264078099276
ISIC_3212230,0.005350620887011314
ISIC_3214327,0.014630199843023608
ISIC_3216128,0.0722848228658311
ISIC_3216253,0.00842775661452177
ISIC_3216427,0.008056864087086356
ISIC_3217879,0.023642728502995952
ISIC_3217925,0.007772264078099276
ISIC_3221148,0.019795822322538497
ISIC_3221360,0.013452507403621503
ISIC_3221941,0.009952575752890295
ISIC_3222250,0.019795822322538497
ISIC_3222834,0.03433809174678591
ISIC_3223029,0.008530478933806988
ISIC_3223721,0.015126664736954419
ISIC_3224219,0.009927804828760723
ISIC_3224330,0.002920195951381101
ISIC_3224580,0.014630199843023608
ISIC_3226112,0.012328910648590203
ISIC_3226250,0.012131003805092005
ISIC_3227329,0.0191434358070837
ISIC_3228270,0.018613614520153192
ISIC_3228719,0.013452507403621503
ISIC_3230995,0.00906790235263338
ISIC_3231134,0.023642728502995952
ISIC_3231416,0.004683565060183669
ISIC_3231502,0.03297419037321229
ISIC_3232262,0.015466518943151947
ISIC_3233449,0.012328910648590203
ISIC_3233743,0.004683565060183669
ISIC_3235082,0.03019259795930689
ISIC_3235363,0.03433809174678591
ISIC_3238192,0.012131003805092005
ISIC_3240195,0.01976165566860573
ISIC_3242339,0.03433809174678591
ISIC_3242898,0.03203972185253144
ISIC_3243743,0.02588051704591062
ISIC_3243897,0.012131003805092005
ISIC_3245209,0.012629440268433077
ISIC_3248430,0.014630199843023608
ISIC_3249191,0.00842775661452177
ISIC_3249230,0.0055009873008861196
ISIC_3249625,0.015126664736954419
ISIC_3250051,0.0075476899945982594
ISIC_3250526,0.005350620887011314
ISIC_3252554,0.01740123568596671
ISIC_3254014,0.00906790235263338
ISIC_3254862,0.023642728502995952
ISIC_3256190,0.005350620887011314
ISIC_3258116,0.005350620887011314
ISIC_3260623,0.023642728502995952
ISIC_3260889,0.0191434358070837
ISIC_3263214,0.0055009873008861196
ISIC_3263776,0.01689884214140311
ISIC_3264572,0.007835449297397983
ISIC_3265261,0.005350620887011314
ISIC_3265514,0.007772264078099276
ISIC_3265972,0.029982022158407822
ISIC_3266762,0.0075476899945982594
ISIC_3266844,0.01652780293425104
ISIC_3269036,0.012328910648590203
ISIC_3269752,0.023642728502995952
ISIC_3270093,0.009927804828760723
ISIC_3270286,0.023642728502995952
ISIC_3270302,0.0721550682608462
ISIC_3272340,0.01740123568596671
ISIC_3273365,0.012131003805092005
ISIC_3273639,0.00842775661452177
ISIC_3274488,0.009927804828760723
ISIC_3276396,0.005350620887011314
ISIC_3277191,0.019795822322538497
ISIC_3280235,0.02588051704591062
ISIC_3280384,0.014127256148629088
ISIC_3280922,0.0191434358070837
ISIC_3280956,0.0129722229409786
ISIC_3281246,0.00842775661452177
ISIC_3281881,0.022212847455476865
ISIC_3283688,0.023642728502995952
ISIC_3284664,0.019795822322538497
ISIC_3284703,0.02276706569407167
ISIC_3288360,0.022212847455476865
ISIC_3292354,0.008415931616036676
ISIC_3292979,0.009927804828760723
ISIC_3293577,0.012629440268433077
ISIC_3294265,0.004807738528552053
ISIC_3295388,0.0055009873008861196
ISIC_3295754,0.012328910648590203
ISIC_3296102,0.008056864087086356
ISIC_3297611,0.005941811339670448
ISIC_3299103,0.015126664736954419
ISIC_3299574,0.012629440268433077
ISIC_3301470,0.009927804828760723
ISIC_3301584,0.019795822322538497
ISIC_3301814,0.029982022158407822
ISIC_3303838,0.015126664736954419
ISIC_3304326,0.007772264078099276
ISIC_3304841,0.004683565060183669
ISIC_3307624,0.01689884214140311
ISIC_3308101,0.010280039406081437
ISIC_3308539,0.02276706569407167
ISIC_3309618,0.029982022158407822
ISIC_3310208,0.023176330689934875
ISIC_3310253,0.015126664736954419
ISIC_3310351,0.00598938882998317
ISIC_3311446,0.032818041260116185
ISIC_3314065,0.02276706569407167
ISIC_3314917,0.010503558736325164
ISIC_3316818,0.005941811339670448
ISIC_3317133,0.007772264078099276
ISIC_3317890,0.007147158025622071
ISIC_3318037,0.002920195951381101
ISIC_3319446,0.014064874825764078
ISIC_3319746,0.01762965646320111
ISIC_3319944,0.007147158025622071
ISIC_3323718,0.019795822322538497
ISIC_3326069,0.005941811339670448
ISIC_3327215,0.004683565060183669
ISIC_3327858,0.010503558736325164
ISIC_3327932,0.029982022158407822
ISIC_3328981,0.009927804828760723
ISIC_3329504,0.0075476899945982594
ISIC_3330108,0.018668244138113535
ISIC_3330580,0.001335580035090993
ISIC_3330773,0.029982022158407822
ISIC_3331297,0.009927804828760723
ISIC_3332378,0.007772264078099276
ISIC_3332687,0.0129722229409786
ISIC_3332946,0.00987847536678138
ISIC_3334793,0.019795822322538497
ISIC_3335017,0.018668244138113535
ISIC_3335184,0.0429848807511717
ISIC_3335904,0.03433809174678591
ISIC_3337583,0.014630199843023608
ISIC_3340562,0.012328910648590203
ISIC_3341347,0.010537040391233472
ISIC_3343138,0.009444458819572022
ISIC_3343372,0.008056864087086356
ISIC_3345936,0.02588051704591062
ISIC_3346413,0.02276706569407167
ISIC_3347331,0.012131003805092005
ISIC_3348364,0.004807738528552053
ISIC_3349006,0.012131003805092005
ISIC_3349193,0.008056864087086356
ISIC_3350064,0.005350620887011314
ISIC_3350312,0.02257937226692887
ISIC_3350366,0.006640600724187732
ISIC_3353247,0.005350620887011314
ISIC_3356592,0.00842775661452177
ISIC_3357794,0.023642728502995952
ISIC_3357803,0.037189554322000495
ISIC_3359726,0.023642728502995952
ISIC_3359950,0.02276706569407167
ISIC_3360195,0.008415931616036676
ISIC_3361906,0.010537040391233472
ISIC_3362179,0.0129722229409786
ISIC_3362408,0.03297419037321229
ISIC_3363437,0.0075476899945982594
ISIC_3364143,0.018613614520153192
ISIC_3371618,0.0129722229409786
ISIC_3372201,0.0027262355355465633
ISIC_3373667,0.008056864087086356
ISIC_3373821,0.008056864087086356
ISIC_3374030,0.005941811339670448
ISIC_3374412,0.014915344873685754
ISIC_3374972,0.007772264078099276
ISIC_3377854,0.02298990630814576
ISIC_3378318,0.012629440268433077
ISIC_3378470,0.0013631177677732816
ISIC_3379289,0.015466518943151947
ISIC_3379679,0.009927804828760723
ISIC_3379766,0.004807738528552053
ISIC_3379782,0.008530478933806988
ISIC_3380844,0.015466518943151947
ISIC_3381859,0.0129722229409786
ISIC_3382817,0.01740123568596671
ISIC_3383442,0.018668244138113535
ISIC_3383938,0.0055009873008861196
ISIC_3389048,0.012174434661010843
ISIC_3390258,0.01762965646320111
ISIC_3392039,0.00987847536678138
ISIC_3392622,0.002920195951381101
ISIC_3393209,0.0075476899945982594
ISIC_3393442,0.014630199843023608
ISIC_3394090,0.00598938882998317
ISIC_3395453,0.004683565060183669
ISIC_3397549,0.012131003805092005
ISIC_3401258,0.0191434358070837
ISIC_3402403,0.053025144868233696
ISIC_3402626,0.012629440268433077
ISIC_3402640,0.014630199843023608
ISIC_3404515,0.0721550682608462
ISIC_3405704,0.03433809174678591
ISIC_3406505,0.005941811339670448
ISIC_3406688,0.012131003805092005
ISIC_3407682,0.004683565060183669
ISIC_3408262,0.012131003805092005
ISIC_3409294,0.012131003805092005
ISIC_3412012,0.018613614520153192
ISIC_3412626,0.005941811339670448
ISIC_3414807,0.005509267644750346
ISIC_3415159,0.0055009873008861196
ISIC_3417723,0.012629440268433077
ISIC_3418755,0.0075476899945982594
ISIC_3419045,0.019795822322538497
ISIC_3420136,0.015466518943151947
ISIC_3420737,0.00842775661452177
ISIC_3421393,0.008056864087086356
ISIC_3421658,0.02124106680394157
ISIC_3422999,0.001271369456480849
ISIC_3423176,0.022212847455476865
ISIC_3424542,0.008415931616036676
ISIC_3425357,0.001271369456480849
ISIC_3426239,0.004683565060183669
ISIC_3426652,0.02588051704591062
ISIC_3427395,0.014127256148629088
ISIC_3429651,0.00906790235263338
ISIC_3430660,0.005941811339670448
ISIC_3433692,0.005941811339670448
ISIC_3433708,0.018613614520153192
ISIC_3433727,0.012629440268433077
ISIC_3433909,0.00413195073356276
ISIC_3434018,0.05461988606727832
ISIC_3434879,0.014127256148629088
ISIC_3437859,0.015466518943151947
ISIC_3438023,0.019795822322538497
ISIC_3438368,0.0028434929779356626
ISIC_3438565,0.012174434661010843
ISIC_3441090,0.008056864087086356
ISIC_3442265,0.02276706569407167
ISIC_3442805,0.005941811339670448
ISIC_3443692,0.014915344873685754
ISIC_3445802,0.0075476899945982594
ISIC_3447520,0.19300926764475035
ISIC_3447914,0.05849383163275574
ISIC_3447990,0.002920195951381101
ISIC_3448149,0.00842775661452177
ISIC_3448670,0.014630199843023608
ISIC_3449240,0.0191434358070837
ISIC_3449582,0.014064874825764078
ISIC_3449602,0.008530478933806988
ISIC_3450017,0.012131003805092005
ISIC_3450067,0.001271369456480849
ISIC_3450983,0.014630199843023608
ISIC_3451012,0.012131003805092005
ISIC_3451175,0.0129722229409786
ISIC_3451507,0.01740123568596671
ISIC_3452839,0.008056864087086356
ISIC_3455140,0.06021165937847699
ISIC_3457077,0.011700519164688231
ISIC_3458396,0.02257937226692887
ISIC_3459670,0.02588051704591062
ISIC_3459856,0.013452507403621503
ISIC_3460127,0.02588051704591062
ISIC_3464219,0.008415931616036676
ISIC_3464225,0.00906790235263338
ISIC_3466071,0.008415931616036676
ISIC_3466188,0.03433809174678591
ISIC_3466571,0.0191434358070837
ISIC_3469005,0.019795822322538497
ISIC_3469516,0.014915344873685754
ISIC_3469595,0.014915344873685754
ISIC_3470805,0.012629440268433077
ISIC_3478008,0.004771489988483082
ISIC_3478382,0.014127256148629088
ISIC_3478788,0.002920195951381101
ISIC_3481229,0.013452507403621503
ISIC_3481499,0.023642728502995952
ISIC_3481778,0.0722848228658311
ISIC_3483100,0.002920195951381101
ISIC_3483280,0.018668244138113535
ISIC_3483521,0.007772264078099276
ISIC_3485414,0.014630199843023608
ISIC_3485976,0.004683565060183669
ISIC_3488803,0.013452507403621503
ISIC_3489151,0.00842775661452177
ISIC_3489184,0.00598938882998317
ISIC_3490275,0.00598938882998317
ISIC_3491221,0.03297419037321229
ISIC_3491478,0.004771489988483082
ISIC_3493834,0.007772264078099276
ISIC_3493888,0.018613614520153192
ISIC_3496996,0.014915344873685754
ISIC_3498847,0.002920195951381101
ISIC_3499096,0.012131003805092005
ISIC_3499287,0.014127256148629088
ISIC_3501266,0.03203972185253144
ISIC_3503673,0.015126664736954419
ISIC_3504251,0.007772264078099276
ISIC_3505673,0.01740123568596671
ISIC_3506170,0.03433809174678591
ISIC_3506189,0.0055009873008861196
ISIC_3506334,0.014127256148629088
ISIC_3507357,0.005941811339670448
ISIC_3508787,0.005350620887011314
ISIC_3509298,0.013768010652633004
ISIC_3509813,0.04515874453385774
ISIC_3510420,0.03843927835789775
ISIC_3510753,0.03398822797002655
ISIC_3511448,0.008056864087086356
ISIC_3512113,0.01728583852632074
ISIC_3512857,0.03843927835789775
ISIC_3513671,0.023642728502995952
ISIC_3514171,0.02588051704591062
ISIC_3514405,0.002920195951381101
ISIC_3517002,0.002920195951381101
ISIC_3517843,0.012131003805092005
ISIC_3518063,0.023642728502995952
ISIC_3519356,0.00842775661452177
ISIC_3520797,0.005941811339670448
ISIC_3520935,0.023642728502995952
ISIC_3521944,0.001335580035090993
ISIC_3522002,0.023642728502995952
ISIC_3524072,0.02124106680394157
ISIC_3524316,0.0129722229409786
ISIC_3524850,0.015126664736954419
ISIC_3525133,0.012629440268433077
ISIC_3525685,0.005941811339670448
ISIC_3527350,0.004771489988483082
ISIC_3528123,0.013768010652633004
ISIC_3529946,0.008415931616036676
ISIC_3531790,0.0055009873008861196
ISIC_3533009,0.01976165566860573
ISIC_3533339,0.0129722229409786
ISIC_3533428,0.0129722229409786
ISIC_3533937,0.00987847536678138
ISIC_3535619,0.0055009873008861196
ISIC_3535724,0.004771489988483082
ISIC_3537248,0.03398822797002655
ISIC_3537350,0.008056864087086356
ISIC_3537735,0.012131003805092005
ISIC_3537941,0.005941811339670448
ISIC_3538455,0.012629440268433077
ISIC_3539380,0.03843927835789775
ISIC_3541142,0.03433809174678591
ISIC_3541283,0.014630199843023608
ISIC_3547590,0.19300926764475035
ISIC_3548128,0.002920195951381101
ISIC_3549355,0.015126664736954419
ISIC_3549689,0.009927804828760723
ISIC_3549882,0.02276706569407167
ISIC_3550074,0.005941811339670448
ISIC_3550301,0.009118787825793676
ISIC_3550427,0.007772264078099276
ISIC_3552980,0.008530478933806988
ISIC_3553158,0.014630199843023608
ISIC_3554298,0.012131003805092005
ISIC_3554304,0.010503558736325164
ISIC_3554670,0.005941811339670448
ISIC_3555756,0.00598938882998317
ISIC_3556228,0.029982022158407822
ISIC_3556753,0.007147158025622071
ISIC_3557281,0.024793036214666993
ISIC_3557534,0.007772264078099276
ISIC_3560072,0.010503558736325164
ISIC_3560198,0.011700519164688231
ISIC_3560684,0.053025144868233696
ISIC_3560802,0.014915344873685754
ISIC_3561053,0.010503558736325164
ISIC_3562440,0.0075476899945982594
ISIC_3563115,0.005941811339670448
ISIC_3563608,0.012131003805092005
ISIC_3566408,0.012174434661010843
ISIC_3566617,0.014630199843023608
ISIC_3566932,0.03019259795930689
ISIC_3568616,0.03433809174678591
ISIC_3570453,0.015725311437139004
ISIC_3570575,0.012629440268433077
ISIC_3571509,0.05461988606727832
ISIC_3571742,0.01663743219668443
ISIC_3571995,0.012131003805092005
ISIC_3572785,0.019791146041157958
ISIC_3572903,0.03060723748225591
ISIC_3572943,0.014630199843023608
ISIC_3572957,0.005941811339670448
ISIC_3573529,0.005941811339670448
ISIC_3574848,0.007835449297397983
ISIC_3574927,0.0429848807511717
ISIC_3575125,0.022212847455476865
ISIC_3575423,0.008056864087086356
ISIC_3575838,0.012629440268433077
ISIC_3575894,0.02298990630814576
ISIC_3575990,0.06560684379920026
ISIC_3576876,0.02588051704591062
ISIC_3577035,0.009927804828760723
ISIC_3577605,0.005941811339670448
ISIC_3577723,0.005350620887011314
ISIC_3580555,0.015126664736954419
ISIC_3581673,0.03398822797002655
ISIC_3581674,0.019795822322538497
ISIC_3582682,0.0075476899945982594
ISIC_3582780,0.009927804828760723
ISIC_3583925,0.002920195951381101
ISIC_3584949,0.015126664736954419
ISIC_3586356,0.0035735790128110356
ISIC_3587688,0.004683565060183669
ISIC_3588671,0.008530478933806988
ISIC_3588706,0.012328910648590203
ISIC_3588900,0.00906790235263338
ISIC_3589090,0.011700519164688231
ISIC_3590140,0.0129722229409786
ISIC_3592077,0.014127256148629088
ISIC_3592668,0.015126664736954419
ISIC_3592904,0.005350620887011314
ISIC_3594259,0.018069681554864478
ISIC_3594380,0.008056864087086356
ISIC_3594585,0.008056864087086356
ISIC_3596358,0.03433809174678591
ISIC_3597076,0.008415931616036676
ISIC_3597077,0.03433809174678591
ISIC_3597421,0.03297419037321229
ISIC_3597521,0.005350620887011314
ISIC_3597902,0.005941811339670448
ISIC_3598152,0.00598938882998317
ISIC_3598655,0.018613614520153192
ISIC_3599510,0.03297419037321229
ISIC_3599685,0.008056864087086356
ISIC_3600277,0.022212847455476865
ISIC_3600426,0.0129722229409786
ISIC_3601241,0.01740123568596671
ISIC_3601244,0.018613614520153192
ISIC_3602878,0.015466518943151947
ISIC_3606311,0.03433809174678591
ISIC_3607787,0.0721550682608462
ISIC_3608296,0.03433809174678591
ISIC_3608624,0.0035735790128110356
ISIC_3609057,0.001271369456480849
ISIC_3610082,0.015126664736954419
ISIC_3610466,0.03433809174678591
ISIC_3611733,0.023642728502995952
ISIC_3612582,0.015126664736954419
ISIC_3613018,0.01689884214140311
ISIC_3614842,0.014630199843023608
ISIC_3615032,0.0429848807511717
ISIC_3616064,0.0721550682608462
ISIC_3616494,0.010280039406081437
ISIC_3616814,0.006640600724187732
ISIC_3616871,0.009927804828760723
ISIC_3617966,0.04350308921491678
ISIC_3619413,0.008415931616036676
ISIC_3620608,0.001271369456480849
ISIC_3622629,0.023415645313852162
ISIC_3623502,0.007835449297397983
ISIC_3624468,0.04222222620740611
ISIC_3624539,0.009952575752890295
ISIC_3624619,0.0055009873008861196
ISIC_3625801,0.0075476899945982594
ISIC_3625918,0.005941811339670448
ISIC_3626651,0.012629440268433077
ISIC_3627405,0.02276706569407167
ISIC_3628995,0.023642728502995952
ISIC_3630213,0.00906790235263338
ISIC_3631216,0.06021165937847699
ISIC_3632526,0.009927804828760723
ISIC_3632698,0.031312262271327655
ISIC_3633213,0.023642728502995952
ISIC_3633517,0.008056864087086356
ISIC_3634305,0.0028434929779356626
ISIC_3636661,0.015126664736954419
ISIC_3636847,0.0429848807511717
ISIC_3637224,0.015126664736954419
ISIC_3637357,0.07128086699269456
ISIC_3637548,0.008056864087086356
ISIC_3637868,0.0191434358070837
ISIC_3637971,0.0075476899945982594
ISIC_3639434,0.009952575752890295
ISIC_3641432,0.02588051704591062
ISIC_3641962,0.008056864087086356
ISIC_3642019,0.04515874453385774
ISIC_3642221,0.023642728502995952
ISIC_3646060,0.005350620887011314
ISIC_3648148,0.005350620887011314
ISIC_3649426,0.004771489988483082
ISIC_3649855,0.03831651051357626
ISIC_3649896,0.00598938882998317
ISIC_3650471,0.004683565060183669
ISIC_3651579,0.0075476899945982594
ISIC_3653199,0.008056864087086356
ISIC_3653457,0.02588051704591062
ISIC_3656476,0.010170955651846792
ISIC_3656810,0.005350620887011314
ISIC_3658500,0.0035735790128110356
ISIC_3659414,0.002920195951381101
ISIC_3659526,0.009927804828760723
ISIC_3660114,0.008530478933806988
ISIC_3663431,0.004771489988483082
ISIC_3664196,0.023642728502995952
ISIC_3664322,0.010280039406081437
ISIC_3665246,0.00598938882998317
ISIC_3666418,0.02124106680394157
ISIC_3666465,0.023642728502995952
ISIC_3666478,0.014915344873685754
ISIC_3666967,0.014127256148629088
ISIC_3667740,0.053025144868233696
ISIC_3668633,0.02588051704591062
ISIC_3668920,0.03203972185253144
ISIC_3669370,0.004683565060183669
ISIC_3669944,0.023642728502995952
ISIC_3670111,0.023642728502995952
ISIC_3671995,0.019795822322538497
ISIC_3673079,0.019791146041157958
ISIC_3673788,0.031127334649255597
ISIC_3674160,0.0191434358070837
ISIC_3674524,0.012629440268433077
ISIC_3674608,0.012131003805092005
ISIC_3674742,0.009927804828760723
ISIC_3674889,0.0055009873008861196
ISIC_3675678,0.0429848807511717
ISIC_3676288,0.008530478933806988
ISIC_3677404,0.015466518943151947
ISIC_3677875,0.014630199843023608
ISIC_3678349,0.023642728502995952
ISIC_3680848,0.008056864087086356
ISIC_3681319,0.013743965727695834
ISIC_3681605,0.014127256148629088
ISIC_3682397,0.029982022158407822
ISIC_3683317,0.01976165566860573
ISIC_3683466,0.004771489988483082
ISIC_3684862,0.010503558736325164
ISIC_3685534,0.008056864087086356
ISIC_3685585,0.014127256148629088
ISIC_3689081,0.02124106680394157
ISIC_3689093,0.00842775661452177
ISIC_3689121,0.019795822322538497
ISIC_3689148,0.012174434661010843
ISIC_3689236,0.012131003805092005
ISIC_3689290,0.008415931616036676
ISIC_3689531,0.013743965727695834
ISIC_3689836,0.014127256148629088
ISIC_3689915,0.002920195951381101
ISIC_3690426,0.007772264078099276
ISIC_3691906,0.019795822322538497
ISIC_3692505,0.00598938882998317
ISIC_3693659,0.0129722229409786
ISIC_3695954,0.009927804828760723
ISIC_3697615,0.0721550682608462
ISIC_3699368,0.011700519164688231
ISIC_3699566,0.013452507403621503
ISIC_3701760,0.005941811339670448
ISIC_3701864,0.014915344873685754
ISIC_3701985,0.00906790235263338
ISIC_3702535,0.008415931616036676
ISIC_3702871,0.019795822322538497
ISIC_3702918,0.02588051704591062
ISIC_3703228,0.0191434358070837
ISIC_3703571,0.01689884214140311
ISIC_3705025,0.012131003805092005
ISIC_3705644,0.004683565060183669
ISIC_3707387,0.03433809174678591
ISIC_3707677,0.03203972185253144
ISIC_3707681,0.015126664736954419
ISIC_3708780,0.004771489988483082
ISIC_3709384,0.05057779387792067
ISIC_3710118,0.015126664736954419
ISIC_3710566,0.03203972185253144
ISIC_3711604,0.009952575752890295
ISIC_3711637,0.00906790235263338
ISIC_3712623,0.03019259795930689
ISIC_3713204,0.018668244138113535
ISIC_3713521,0.00598938882998317
ISIC_3713800,0.008056864087086356
ISIC_3715808,0.008415931616036676
ISIC_3715917,0.01976165566860573
ISIC_3716403,0.00906790235263338
ISIC_3716896,0.004771489988483082
ISIC_3717405,0.005941811339670448
ISIC_3718570,0.008530478933806988
ISIC_3718778,0.008415931616036676
ISIC_3719206,0.011707822656926081
ISIC_3721312,0.008530478933806988
ISIC_3721415,0.005941811339670448
ISIC_3722094,0.009927804828760723
ISIC_3722127,0.004683565060183669
ISIC_3722660,0.019795822322538497
ISIC_3723953,0.09685926462597355
ISIC_3724889,0.00842775661452177
ISIC_3724952,0.008415931616036676
ISIC_3725123,0.014064874825764078
ISIC_3727502,0.008056864087086356
ISIC_3730304,0.01976165566860573
ISIC_3731024,0.012629440268433077
ISIC_3733949,0.010503558736325164
ISIC_3734151,0.0055009873008861196
ISIC_3735686,0.02257937226692887
ISIC_3735739,0.008056864087086356
ISIC_3735944,0.02588051704591062
ISIC_3736099,0.008056864087086356
ISIC_3737914,0.019795822322538497
ISIC_3738610,0.018613614520153192
ISIC_3740111,0.02276706569407167
ISIC_3740887,0.03433809174678591
ISIC_3742754,0.005941811339670448
ISIC_3744551,0.013768010652633004
ISIC_3744571,0.008056864087086356
ISIC_3744712,0.01976165566860573
ISIC_3744890,0.023642728502995952
ISIC_3745982,0.008530478933806988
ISIC_3746770,0.023642728502995952
ISIC_3747046,0.013768010652633004
ISIC_3751401,0.01728583852632074
ISIC_3751463,0.001271369456480849
ISIC_3751922,0.004683565060183669
ISIC_3752717,0.014630199843023608
ISIC_3752905,0.06021165937847699
ISIC_3753916,0.0721550682608462
ISIC_3754496,0.019795822322538497
ISIC_3757475,0.004683565060183669
ISIC_3759005,0.005350620887011314
ISIC_3759225,0.014915344873685754
ISIC_3760239,0.07128086699269456
ISIC_3760758,0.014630199843023608
ISIC_3761263,0.03433809174678591
ISIC_3761540,0.00598938882998317
ISIC_3764100,0.004683565060183669
ISIC_3764369,0.012131003805092005
ISIC_3765611,0.02257937226692887
ISIC_3765694,0.01689884214140311
ISIC_3765884,0.03297419037321229
ISIC_3766707,0.018069681554864478
ISIC_3768327,0.03433809174678591
ISIC_3769075,0.012131003805092005
ISIC_3770681,0.023642728502995952
ISIC_3771998,0.019795822322538497
ISIC_3772083,0.008056864087086356
ISIC_3773083,0.007772264078099276
ISIC_3773451,0.014630199843023608
ISIC_3774893,0.013768010652633004
ISIC_3775513,0.00598938882998317
ISIC_3778164,0.008056864087086356
ISIC_3778773,0.015126664736954419
ISIC_3781034,0.015126664736954419
ISIC_3783148,0.02257937226692887
ISIC_3784911,0.02588051704591062
ISIC_3784989,0.009927804828760723
ISIC_3785713,0.008530478933806988
ISIC_3785899,0.03843927835789775
ISIC_3789085,0.03433809174678591
ISIC_3790496,0.00598938882998317
ISIC_3790838,0.0013631177677732816
ISIC_3793804,0.014630199843023608
ISIC_3794213,0.019795822322538497
ISIC_3795144,0.00906790235263338
ISIC_3795317,0.004771489988483082
ISIC_3796609,0.005350620887011314
ISIC_3796950,0.00842775661452177
ISIC_3797942,0.019791146041157958
ISIC_3798140,0.004683565060183669
ISIC_3801213,0.003148152939857341
ISIC_3802684,0.00598938882998317
ISIC_3802948,0.01740123568596671
ISIC_3803651,0.007772264078099276
ISIC_3803915,0.005941811339670448
ISIC_3804041,0.02588051704591062
ISIC_3804339,0.014630199843023608
ISIC_3805982,0.012629440268433077
ISIC_3807024,0.013768010652633004
ISIC_3807083,0.004771489988483082
ISIC_3808186,0.03433809174678591
ISIC_3809089,0.012131003805092005
ISIC_3809167,0.009927804828760723
ISIC_3809896,0.19300926764475035
ISIC_3809996,0.031312262271327655
ISIC_3810006,0.010503558736325164
ISIC_3810268,0.0721550682608462
ISIC_3810856,0.008415931616036676
ISIC_3811271,0.015126664736954419
ISIC_3811472,0.012629440268433077
ISIC_3812398,0.0055009873008861196
ISIC_3812758,0.005941811339670448
ISIC_3812886,0.0075476899945982594
ISIC_3813860,0.019795822322538497
ISIC_3814018,0.0075476899945982594
ISIC_3815181,0.043601546446483334
ISIC_3815385,0.01740123568596671
ISIC_3817642,0.02124106680394157
ISIC_3817681,0.008415931616036676
ISIC_3817768,0.004683565060183669
ISIC_3818797,0.00842775661452177
ISIC_3819363,0.009794253590667282
ISIC_3819475,0.03433809174678591
ISIC_3819795,0.009927804828760723
ISIC_3820411,0.012629440268433077
ISIC_3821169,0.023176330689934875
ISIC_3821340,0.02124106680394157
ISIC_3822511,0.00598938882998317
ISIC_3822853,0.005350620887011314
ISIC_3823520,0.00598938882998317
ISIC_3823679,0.0129722229409786
ISIC_3824624,0.008056864087086356
ISIC_3825521,0.0191434358070837
ISIC_3825943,0.007147158025622071
ISIC_3826140,0.012328910648590203
ISIC_3828283,0.00842775661452177
ISIC_3828515,0.02276706569407167
ISIC_3828853,0.008056864087086356
ISIC_3828870,0.008530478933806988
ISIC_3829545,0.009794253590667282
ISIC_3829596,0.023642728502995952
ISIC_3829724,0.010280039406081437
ISIC_3832497,0.00842775661452177
ISIC_3832930,0.0129722229409786
ISIC_3833945,0.00598938882998317
ISIC_3834329,0.004683565060183669
ISIC_3834484,0.04295322167036864
ISIC_3834937,0.012629440268433077
ISIC_3835548,0.023642728502995952
ISIC_3835821,0.005941811339670448
ISIC_3837036,0.0075476899945982594
ISIC_3837251,0.005941811339670448
ISIC_3840152,0.012131003805092005
ISIC_3840945,0.014630199843023608
ISIC_3841665,0.014630199843023608
ISIC_3843316,0.02276706569407167
ISIC_3843986,0.00906790235263338
ISIC_3845109,0.012629440268433077
ISIC_3848861,0.053025144868233696
ISIC_3849267,0.0129722229409786
ISIC_3849492,0.012629440268433077
ISIC_3849841,0.0191434358070837
ISIC_3852390,0.018613614520153192
ISIC_3852835,0.02124106680394157
ISIC_3853277,0.0055009873008861196
ISIC_3853490,0.008530478933806988
ISIC_3854848,0.00987847536678138
ISIC_3855425,0.013452507403621503
ISIC_3855503,0.00598938882998317
ISIC_3858353,0.031312262271327655
ISIC_3859655,0.004771489988483082
ISIC_3861014,0.004683565060183669
ISIC_3861559,0.012131003805092005
ISIC_3862727,0.005941811339670448
ISIC_3864247,0.012629440268433077
ISIC_3864836,0.015466518943151947
ISIC_3866165,0.009927804828760723
ISIC_3867821,0.023642728502995952
ISIC_3869132,0.008530478933806988
ISIC_3869964,0.023176330689934875
ISIC_3870547,0.0075476899945982594
ISIC_3870631,0.0429848807511717
ISIC_3870921,0.012629440268433077
ISIC_3870937,0.018613614520153192
ISIC_3871000,0.013768010652633004
ISIC_3871644,0.009927804828760723
ISIC_3872067,0.004683565060183669
ISIC_3872083,0.007147158025622071
ISIC_3872285,0.005941811339670448
ISIC_3874776,0.023642728502995952
ISIC_3875284,0.022212847455476865
ISIC_3875740,0.19300926764475035
ISIC_3876748,0.0129722229409786
ISIC_3878964,0.023642728502995952
ISIC_3879484,0.04295322167036864
ISIC_3879706,0.09685926462597355
ISIC_3879850,0.012328910648590203
ISIC_3880022,0.023642728502995952
ISIC_3881363,0.012131003805092005
ISIC_3881407,0.02124106680394157
ISIC_3881920,0.012174434661010843
ISIC_3882145,0.004807738528552053
ISIC_3883112,0.008056864087086356
ISIC_3883117,0.005350620887011314
ISIC_3883220,0.01689884214140311
ISIC_3883863,0.018613614520153192
ISIC_3884398,0.006296305879714682
ISIC_3884657,0.02298990630814576
ISIC_3885191,0.03398822797002655
ISIC_3887326,0.022212847455476865
ISIC_3887998,0.0129722229409786
ISIC_3889035,0.00906790235263338
ISIC_3890626,0.03203972185253144
ISIC_3891628,0.0129722229409786
ISIC_3891712,0.012629440268433077
ISIC_3893736,0.02588051704591062
ISIC_3895426,0.015466518943151947
ISIC_3895545,0.00842775661452177
ISIC_3897619,0.015126664736954419
ISIC_3897640,0.008530478933806988
ISIC_3897997,0.014915344873685754
ISIC_3898382,0.008530478933806988
ISIC_3898500,0.002920195951381101
ISIC_3899765,0.03203972185253144
ISIC_3899827,0.008530478933806988
ISIC_3901033,0.009952575752890295
ISIC_3901048,0.0055009873008861196
ISIC_3901209,0.009927804828760723
ISIC_3901291,0.023176330689934875
ISIC_3903912,0.014630199843023608
ISIC_3904848,0.019795822322538497
ISIC_3907519,0.010503558736325164
ISIC_3908014,0.004771489988483082
ISIC_3908046,0.0055009873008861196
ISIC_3909787,0.0429848807511717
ISIC_3911173,0.008415931616036676
ISIC_3912698,0.018668244138113535
ISIC_3912898,0.0055009873008861196
ISIC_3913043,0.005941811339670448
ISIC_3914490,0.011700519164688231
ISIC_3914712,0.00598938882998317
ISIC_3916591,0.09685926462597355
ISIC_3918613,0.03060723748225591
ISIC_3918617,0.06560684379920026
ISIC_3918811,0.02298990630814576
ISIC_3920311,0.02124106680394157
ISIC_3920748,0.04350308921491678
ISIC_3921222,0.0055009873008861196
ISIC_3922363,0.0722848228658311
ISIC_3923249,0.012131003805092005
ISIC_3923398,0.015126664736954419
ISIC_3924003,0.005350620887011314
ISIC_3924221,0.004771489988483082
ISIC_3925647,0.015126664736954419
ISIC_3926962,0.012629440268433077
ISIC_3927334,0.014630199843023608
ISIC_3928059,0.015126664736954419
ISIC_3928185,0.008056864087086356
ISIC_3928327,0.014630199843023608
ISIC_3930196,0.018613614520153192
ISIC_3931939,0.00906790235263338
ISIC_3932160,0.008056864087086356
ISIC_3933701,0.0055009873008861196
ISIC_3934096,0.014630199843023608
ISIC_3934137,0.008056864087086356
ISIC_3935836,0.015466518943151947
ISIC_3937563,0.014915344873685754
ISIC_3937767,0.008056864087086356
ISIC_3939975,0.001271369456480849
ISIC_3940305,0.0035735790128110356
ISIC_3943687,0.0721550682608462
ISIC_3944323,0.002920195951381101
ISIC_3945172,0.005350620887011314
ISIC_3945700,0.19300926764475035
ISIC_3945945,0.002920195951381101
ISIC_3946584,0.02588051704591062
ISIC_3947097,0.023642728502995952
ISIC_3947454,0.0029382760772001847
ISIC_3948484,0.03203972185253144
ISIC_3949431,0.019795822322538497
ISIC_3949543,0.005941811339670448
ISIC_3951164,0.02588051704591062
ISIC_3951614,0.02124106680394157
ISIC_3952076,0.0013156460047165006
ISIC_3954011,0.08200855474900032
ISIC_3955981,0.012629440268433077
ISIC_3956322,0.012131003805092005
ISIC_3956959,0.018668244138113535
ISIC_3957302,0.011700519164688231
ISIC_3958018,0.014127256148629088
ISIC_3958469,0.01976165566860573
ISIC_3958513,0.005941811339670448
ISIC_3959330,0.04222222620740611
ISIC_3959419,0.008056864087086356
ISIC_3959866,0.0055009873008861196
ISIC_3961023,0.015126664736954419
ISIC_3961144,0.019795822322538497
ISIC_3961353,0.00906790235263338
ISIC_3963047,0.013768010652633004
ISIC_3963758,0.00906790235263338
ISIC_3965027,0.012131003805092005
ISIC_3965044,0.019795822322538497
ISIC_3966780,0.005941811339670448
ISIC_3967346,0.007772264078099276
ISIC_3968899,0.02588051704591062
ISIC_3968987,0.001271369456480849
ISIC_3969038,0.022212847455476865
ISIC_3970274,0.014127256148629088
ISIC_3970277,0.012629440268433077
ISIC_3970729,0.043601546446483334
ISIC_3971415,0.005350620887011314
ISIC_3971465,0.015466518943151947
ISIC_3973166,0.004722229409786011
ISIC_3973212,0.023642728502995952
ISIC_3974325,0.0722848228658311
ISIC_3974947,0.015126664736954419
ISIC_3975514,0.002920195951381101
ISIC_3983499,0.012629440268433077
ISIC_3983737,0.010503558736325164
ISIC_3985101,0.015466518943151947
ISIC_3985204,0.008530478933806988
ISIC_3985237,0.005941811339670448
ISIC_3985519,0.008530478933806988
ISIC_3987029,0.003148152939857341
ISIC_3987387,0.012629440268433077
ISIC_3988372,0.0129722229409786
ISIC_3989004,0.008415931616036676
ISIC_3989338,0.011700519164688231
ISIC_3990617,0.02257937226692887
ISIC_3990959,0.014630199843023608
ISIC_3991293,0.007772264078099276
ISIC_3991801,0.013768010652633004
ISIC_3991865,0.014915344873685754
ISIC_3994900,0.001271369456480849
ISIC_3994984,0.0038325340137393715
ISIC_3995640,0.014630199843023608
ISIC_3997250,0.005941811339670448
ISIC_3997576,0.015126664736954419
ISIC_3998879,0.009952575752890295
ISIC_4000026,0.1360185352895007
ISIC_4000346,0.00842775661452177
ISIC_4000384,0.005941811339670448
ISIC_4000696,0.0129722229409786
ISIC_4002024,0.012328910648590203
ISIC_4002083,0.012328910648590203
ISIC_4003847,0.02588051704591062
ISIC_4003979,0.011707822656926081
ISIC_4004059,0.0075476899945982594
ISIC_4004585,0.008415931616036676
ISIC_4004858,0.03060723748225591
ISIC_4005151,0.00842775661452177
ISIC_4005292,0.02588051704591062
ISIC_4005433,0.05461988606727832
ISIC_4005528,0.008530478933806988
ISIC_4006086,0.0055009873008861196
ISIC_4006453,0.004683565060183669
ISIC_4006923,0.008530478933806988
ISIC_4007518,0.019795822322538497
ISIC_4010560,0.02276706569407167
ISIC_4011940,0.014630199843023608
ISIC_4013752,0.008056864087086356
ISIC_4016138,0.00842775661452177
ISIC_4017245,0.01689884214140311
ISIC_4017767,0.02276706569407167
ISIC_4017926,0.02124106680394157
ISIC_4018070,0.029982022158407822
ISIC_4018339,0.03433809174678591
ISIC_4018651,0.012131003805092005
ISIC_4019458,0.00598938882998317
ISIC_4019497,0.023642728502995952
ISIC_4019558,0.002920195951381101
ISIC_4019832,0.0029382760772001847
ISIC_4020141,0.029982022158407822
ISIC_4021183,0.02276706569407167
ISIC_4021738,0.015466518943151947
ISIC_4021979,0.008530478933806988
ISIC_4022414,0.001271369456480849
ISIC_4025307,0.014127256148629088
ISIC_4025587,0.014915344873685754
ISIC_4026614,0.008415931616036676
ISIC_4031264,0.05461988606727832
ISIC_4031425,0.012131003805092005
ISIC_4032008,0.00598938882998317
ISIC_4033382,0.02588051704591062
ISIC_4033845,0.014127256148629088
ISIC_4034296,0.0075476899945982594
ISIC_4034681,0.012629440268433077
ISIC_4035663,0.011707822656926081
ISIC_4037544,0.012131003805092005
ISIC_4037548,0.018613614520153192
ISIC_4038298,0.008415931616036676
ISIC_4038676,0.008415931616036676
ISIC_4039065,0.015466518943151947
ISIC_4039428,0.018668244138113535
ISIC_4041109,0.013768010652633004
ISIC_4041663,0.007772264078099276
ISIC_4041888,0.00598938882998317
ISIC_4042203,0.005350620887011314
ISIC_4043458,0.005350620887011314
ISIC_4043786,0.0129722229409786
ISIC_4044509,0.013452507403621503
ISIC_4044656,0.019795822322538497
ISIC_4044807,0.004683565060183669
ISIC_4045910,0.004683565060183669
ISIC_4046072,0.037189554322000495
ISIC_4047384,0.005941811339670448
ISIC_4051863,0.012629440268433077
ISIC_4053376,0.007772264078099276
ISIC_4053590,0.009927804828760723
ISIC_4055354,0.004771489988483082
ISIC_4056283,0.057474765770364394
ISIC_4057840,0.023642728502995952
ISIC_4059973,0.008530478933806988
ISIC_4060128,0.011700519164688231
ISIC_4060918,0.001335580035090993
ISIC_4061347,0.005350620887011314
ISIC_4065163,0.018613614520153192
ISIC_4065552,0.007772264078099276
ISIC_4067304,0.03019259795930689
ISIC_4068394,0.004683565060183669
ISIC_4069118,0.004683565060183669
ISIC_4069931,0.07128086699269456
ISIC_4070801,0.005941811339670448
ISIC_4071540,0.004683565060183669
ISIC_4073919,0.043601546446483334
ISIC_4075516,0.012629440268433077
ISIC_4076059,0.0035735790128110356
ISIC_4076587,0.014127256148629088
ISIC_4078184,0.0721550682608462
ISIC_4078377,0.0013156460047165006
ISIC_4082815,0.023642728502995952
ISIC_4083846,0.015466518943151947
ISIC_4084468,0.005941811339670448
ISIC_4085039,0.00987847536678138
ISIC_4086565,0.005941811339670448
ISIC_4088097,0.0055009873008861196
ISIC_4088639,0.03433809174678591
ISIC_4088767,0.012629440268433077
ISIC_4089099,0.015126664736954419
ISIC_4089125,0.008056864087086356
ISIC_4090757,0.011700519164688231
ISIC_4091411,0.009952575752890295
ISIC_4093604,0.04295322167036864
ISIC_4093651,0.02276706569407167
ISIC_4093700,0.009952575752890295
ISIC_4094194,0.019795822322538497
ISIC_4096524,0.007772264078099276
ISIC_4096824,0.03843927835789775
ISIC_4097561,0.02588051704591062
ISIC_4097756,0.004683565060183669
ISIC_4097770,0.015126664736954419
ISIC_4098863,0.002920195951381101
ISIC_4100650,0.008530478933806988
ISIC_4101117,0.009927804828760723
ISIC_4103788,0.004683565060183669
ISIC_4105155,0.008530478933806988
ISIC_4106850,0.007772264078099276
ISIC_4107545,0.05497586291078334
ISIC_4110390,0.018668244138113535
ISIC_4111580,0.009927804828760723
ISIC_4111788,0.19300926764475035
ISIC_4112792,0.014127256148629088
ISIC_4113105,0.001335580035090993
ISIC_4113120,0.004807738528552053
ISIC_4113775,0.012629440268433077
ISIC_4116334,0.019795822322538497
ISIC_4117333,0.02124106680394157
ISIC_4117438,0.014127256148629088
ISIC_4117917,0.004771489988483082
ISIC_4118006,0.010537040391233472
ISIC_4118723,0.00598938882998317
ISIC_4118974,0.0191434358070837
ISIC_4119147,0.014630199843023608
ISIC_4119334,0.008415931616036676
ISIC_4120439,0.02588051704591062
ISIC_4120587,0.010503558736325164
ISIC_4123079,0.023642728502995952
ISIC_4123597,0.004771489988483082
ISIC_4124088,0.007772264078099276
ISIC_4124459,0.03843927835789775
ISIC_4126106,0.023642728502995952
ISIC_4127061,0.005350620887011314
ISIC_4129572,0.015725311437139004
ISIC_4130471,0.012629440268433077
ISIC_4130767,0.018668244138113535
ISIC_4131908,0.018668244138113535
ISIC_4132264,0.015725311437139004
ISIC_4133823,0.008056864087086356
ISIC_4133898,0.002920195951381101
ISIC_4134016,0.03433809174678591
ISIC_4134635,0.011707822656926081
ISIC_4135391,0.009952575752890295
ISIC_4135507,0.014630199843023608
ISIC_4135551,0.007835449297397983
ISIC_4135644,0.0055009873008861196
ISIC_4137383,0.008415931616036676
ISIC_4138013,0.011707822656926081
ISIC_4138141,0.02257937226692887
ISIC_4138331,0.004683565060183669
ISIC_4138503,0.008056864087086356
ISIC_4139049,0.015725311437139004
ISIC_4139524,0.012629440268433077
ISIC_4140785,0.02588051704591062
ISIC_4142733,0.0129722229409786
ISIC_4143173,0.004683565060183669
ISIC_4145305,0.008056864087086356
ISIC_4147778,0.008056864087086356
ISIC_4147996,0.008530478933806988
ISIC_4149439,0.0013156460047165006
ISIC_4153509,0.015466518943151947
ISIC_4154756,0.022212847455476865
ISIC_4155197,0.015725311437139004
ISIC_4155786,0.03843927835789775
ISIC_4156931,0.010537040391233472
ISIC_4157635,0.007772264078099276
ISIC_4157952,0.018613614520153192
ISIC_4158629,0.012629440268433077
ISIC_4160484,0.03433809174678591
ISIC_4160961,0.0013631177677732816
ISIC_4160979,0.00842775661452177
ISIC_4161439,0.004807738528552053
ISIC_4163501,0.010503558736325164
ISIC_4163699,0.015466518943151947
ISIC_4166454,0.019795822322538497
ISIC_4167596,0.02276706569407167
ISIC_4171132,0.02124106680394157
ISIC_4173173,0.023642728502995952
ISIC_4174959,0.0129722229409786
ISIC_4175478,0.014630199843023608
ISIC_4175959,0.015466518943151947
ISIC_4177866,0.012328910648590203
ISIC_4179187,0.03398822797002655
ISIC_4179495,0.013768010652633004
ISIC_4181203,0.0129722229409786
ISIC_4181217,0.015126664736954419
ISIC_4181903,0.02588051704591062
ISIC_4182106,0.018668244138113535
ISIC_4182656,0.0055009873008861196
ISIC_4184263,0.02257937226692887
ISIC_4185069,0.007772264078099276
ISIC_4185567,0.01740123568596671
ISIC_4186549,0.004683565060183669
ISIC_4186771,0.014630199843023608
ISIC_4186863,0.022212847455476865
ISIC_4187088,0.008415931616036676
ISIC_4187200,0.009927804828760723
ISIC_4187880,0.0055009873008861196
ISIC_4188214,0.031312262271327655
ISIC_4188332,0.011700519164688231
ISIC_4190089,0.018613614520153192
ISIC_4190306,0.005509267644750346
ISIC_4191055,0.019791146041157958
ISIC_4192552,0.007147158025622071
ISIC_4192645,0.015126664736954419
ISIC_4194430,0.0055009873008861196
ISIC_4194768,0.00598938882998317
ISIC_4195092,0.012131003805092005
ISIC_4195928,0.02257937226692887
ISIC_4197980,0.015126664736954419
ISIC_4198680,0.004771489988483082
ISIC_4198983,0.03433809174678591
ISIC_4199184,0.0722848228658311
ISIC_4199799,0.001271369456480849
ISIC_4201584,0.012131003805092005
ISIC_4203773,0.02276706569407167
ISIC_4204053,0.007772264078099276
ISIC_4204071,0.01976165566860573
ISIC_4205090,0.005941811339670448
ISIC_4205309,0.004683565060183669
ISIC_4206108,0.008056864087086356
ISIC_4206434,0.03398822797002655
ISIC_4206778,0.010280039406081437
ISIC_4209184,0.005941811339670448
ISIC_4209765,0.009952575752890295
ISIC_4210286,0.010503558736325164
ISIC_4210607,0.018613614520153192
ISIC_4210823,0.01689884214140311
ISIC_4211013,0.023642728502995952
ISIC_4211964,0.02124106680394157
ISIC_4214570,0.010503558736325164
ISIC_4216580,0.008056864087086356
ISIC_4216757,0.008415931616036676
ISIC_4218911,0.015466518943151947
ISIC_4219443,0.04295322167036864
ISIC_4220347,0.009952575752890295
ISIC_4222477,0.015126664736954419
ISIC_4223005,0.008056864087086356
ISIC_4223719,0.002920195951381101
ISIC_4225544,0.004683565060183669
ISIC_4226784,0.013452507403621503
ISIC_4226938,0.003148152939857341
ISIC_4230391,0.004683565060183669
ISIC_4233105,0.004683565060183669
ISIC_4233329,0.0129722229409786
ISIC_4235180,0.014630199843023608
ISIC_4235197,0.023642728502995952
ISIC_4236192,0.015126664736954419
ISIC_4236332,0.012131003805092005
ISIC_4240414,0.010280039406081437
ISIC_4241007,0.015466518943151947
ISIC_4242171,0.029982022158407822
ISIC_4242517,0.004683565060183669
ISIC_4244166,0.008530478933806988
ISIC_4246274,0.008530478933806988
ISIC_4247203,0.008415931616036676
ISIC_4247406,0.04350308921491678
ISIC_4247641,0.010280039406081437
ISIC_4248295,0.013768010652633004
ISIC_4248354,0.023176330689934875
ISIC_4248688,0.023642728502995952
ISIC_4249430,0.0191434358070837
ISIC_4251600,0.015126664736954419
ISIC_4252331,0.03398822797002655
ISIC_4253256,0.0055009873008861196
ISIC_4253534,0.02276706569407167
ISIC_4255739,0.001271369456480849
ISIC_4256374,0.023642728502995952
ISIC_4257030,0.01976165566860573
ISIC_4257276,0.03433809174678591
ISIC_4257931,0.008056864087086356
ISIC_4258047,0.013768010652633004
ISIC_4258344,0.03433809174678591
ISIC_4258959,0.012131003805092005
ISIC_4259013,0.019791146041157958
ISIC_4261613,0.018613614520153192
ISIC_4262550,0.04222222620740611
ISIC_4263498,0.013768010652633004
ISIC_4265022,0.015466518943151947
ISIC_4266201,0.03433809174678591
ISIC_4266229,0.008056864087086356
ISIC_4267507,0.004683565060183669
ISIC_4267994,0.06560684379920026
ISIC_4270186,0.007772264078099276
ISIC_4271057,0.0721550682608462
ISIC_4271124,0.012131003805092005
ISIC_4271848,0.02124106680394157
ISIC_4273322,0.01740123568596671
ISIC_4274756,0.02124106680394157
ISIC_4278988,0.03433809174678591
ISIC_4279681,0.015126664736954419
ISIC_4280241,0.02588051704591062
ISIC_4280258,0.011707822656926081
ISIC_4281444,0.009952575752890295
ISIC_4281475,0.00598938882998317
ISIC_4282399,0.03843927835789775
ISIC_4285809,0.014127256148629088
ISIC_4286823,0.0055009873008861196
ISIC_4286970,0.057474765770364394
ISIC_4288417,0.014127256148629088
ISIC_4288887,0.03203972185253144
ISIC_4289007,0.010503558736325164
ISIC_4290148,0.005350620887011314
ISIC_4290649,0.0013156460047165006
ISIC_4290765,0.018613614520153192
ISIC_4291126,0.00842775661452177
ISIC_4291256,0.013452507403621503
ISIC_4293728,0.023642728502995952
ISIC_4294619,0.008415931616036676
ISIC_4296526,0.05268520195616736
ISIC_4296557,0.005941811339670448
ISIC_4296605,0.053025144868233696
ISIC_4298340,0.015126664736954419
ISIC_4298748,0.009927804828760723
ISIC_4299653,0.02588051704591062
ISIC_4300625,0.015126664736954419
ISIC_4300846,0.007772264078099276
ISIC_4301916,0.007772264078099276
ISIC_4302347,0.008056864087086356
ISIC_4302545,0.0055009873008861196
ISIC_4303326,0.0055009873008861196
ISIC_4304252,0.015126664736954419
ISIC_4305063,0.014127256148629088
ISIC_4305480,0.0129722229409786
ISIC_4305950,0.018069681554864478
ISIC_4305990,0.023642728502995952
ISIC_4308112,0.009927804828760723
ISIC_4308121,0.012629440268433077
ISIC_4309705,0.019791146041157958
ISIC_4309998,0.002920195951381101
ISIC_4311189,0.0075476899945982594
ISIC_4312311,0.008056864087086356
ISIC_4312836,0.012131003805092005
ISIC_4313110,0.012131003805092005
ISIC_4313333,0.008530478933806988
ISIC_4313524,0.005941811339670448
ISIC_4314656,0.015126664736954419
ISIC_4316187,0.012328910648590203
ISIC_4316707,0.008415931616036676
ISIC_4316825,0.02588051704591062
ISIC_4317606,0.007772264078099276
ISIC_4318321,0.007772264078099276
ISIC_4318387,0.008056864087086356
ISIC_4319839,0.03433809174678591
ISIC_4320065,0.03612699562708619
ISIC_4323634,0.01976165566860573
ISIC_4323977,0.013452507403621503
ISIC_4324467,0.008530478933806988
ISIC_4327951,0.004683565060183669
ISIC_4327964,0.0035735790128110356
ISIC_4328195,0.0055009873008861196
ISIC_4328291,0.03433809174678591
ISIC_4330485,0.012629440268433077
ISIC_4331890,0.015126664736954419
ISIC_4332322,0.008530478933806988
ISIC_4332568,0.02588051704591062
ISIC_4332761,0.013452507403621503
ISIC_4333529,0.0055009873008861196
ISIC_4333983,0.015126664736954419
ISIC_4334505,0.012131003805092005
ISIC_4336438,0.0075476899945982594
ISIC_4337115,0.02588051704591062
ISIC_4339577,0.010503558736325164
ISIC_4339700,0.023176330689934875
ISIC_4341449,0.005941811339670448
ISIC_4341708,0.02276706569407167
ISIC_4342558,0.012629440268433077
ISIC_4342571,0.00906790235263338
ISIC_4342824,0.007772264078099276
ISIC_4342825,0.02276706569407167
ISIC_4343422,0.023642728502995952
ISIC_4344663,0.008530478933806988
ISIC_4345309,0.06560684379920026
ISIC_4346003,0.009927804828760723
ISIC_4347483,0.005350620887011314
ISIC_4347871,0.010503558736325164
ISIC_4348477,0.043601546446483334
ISIC_4350452,0.012131003805092005
ISIC_4351185,0.0429848807511717
ISIC_4351557,0.023642728502995952
ISIC_4352355,0.012629440268433077
ISIC_4353465,0.0721550682608462
ISIC_4355988,0.014127256148629088
ISIC_4356606,0.01689884214140311
ISIC_4356936,0.004683565060183669
ISIC_4358060,0.008056864087086356
ISIC_4359352,0.04350308921491678
ISIC_4359722,0.005941811339670448
ISIC_4360093,0.015466518943151947
ISIC_4360109,0.001271369456480849
ISIC_4361210,0.023642728502995952
ISIC_4361794,0.008056864087086356
ISIC_4364994,0.010537040391233472
ISIC_4365909,0.007147158025622071
ISIC_4367244,0.0191434358070837
ISIC_4369210,0.008056864087086356
ISIC_4370063,0.0055009873008861196
ISIC_4371027,0.004683565060183669
ISIC_4372186,0.019795822322538497
ISIC_4373405,0.008056864087086356
ISIC_4373849,0.012131003805092005
ISIC_4374956,0.03060723748225591
ISIC_4375150,0.03433809174678591
ISIC_4376572,0.012629440268433077
ISIC_4377671,0.011700519164688231
ISIC_4379101,0.009118787825793676
ISIC_4380375,0.00598938882998317
ISIC_4381076,0.004683565060183669
ISIC_4382016,0.015126664736954419
ISIC_4382420,0.008056864087086356
ISIC_4382778,0.015126664736954419
ISIC_4383639,0.00842775661452177
ISIC_4384149,0.08200855474900032
ISIC_4384631,0.0055009873008861196
ISIC_4385492,0.00906790235263338
ISIC_4387462,0.010280039406081437
ISIC_4387742,0.00598938882998317
ISIC_4388407,0.008415931616036676
ISIC_4388816,0.018613614520153192
ISIC_4389169,0.015126664736954419
ISIC_4389340,0.010503558736325164
ISIC_4390313,0.012328910648590203
ISIC_4390316,0.011700519164688231
ISIC_4390998,0.011707822656926081
ISIC_4391116,0.008056864087086356
ISIC_4391377,0.008530478933806988
ISIC_4392497,0.005288896938960333
ISIC_4394485,0.004771489988483082
ISIC_4394582,0.012131003805092005
ISIC_4394742,0.018668244138113535
ISIC_4395233,0.019795822322538497
ISIC_4395261,0.06735962201019373
ISIC_4397375,0.012131003805092005
ISIC_4397698,0.007772264078099276
ISIC_4398252,0.00842775661452177
ISIC_4398558,0.008056864087086356
ISIC_4398622,0.03433809174678591
ISIC_4399176,0.03512346797077824
ISIC_4399932,0.008415931616036676
ISIC_4400063,0.010503558736325164
ISIC_4400253,0.0191434358070837
ISIC_4402343,0.014127256148629088
ISIC_4402945,0.0075476899945982594
ISIC_4403324,0.003148152939857341
ISIC_4403513,0.008056864087086356
ISIC_4405508,0.007772264078099276
ISIC_4405616,0.008415931616036676
ISIC_4408816,0.019795822322538497
ISIC_4410698,0.013768010652633004
ISIC_4411659,0.019795822322538497
ISIC_4411770,0.010280039406081437
ISIC_4413303,0.008415931616036676
ISIC_4415527,0.0055009873008861196
ISIC_4415966,0.0075476899945982594
ISIC_4416068,0.013452507403621503
ISIC_4416545,0.03433809174678591
ISIC_4416593,0.0013631177677732816
ISIC_4416877,0.004807738528552053
ISIC_4417378,0.03433809174678591
ISIC_4418073,0.01663743219668443
ISIC_4419718,0.007147158025622071
ISIC_4420890,0.012131003805092005
ISIC_4420896,0.029982022158407822
ISIC_4421057,0.015725311437139004
ISIC_4421591,0.023642728502995952
ISIC_4422392,0.03203972185253144
ISIC_4422783,0.03398822797002655
ISIC_4422883,0.009118787825793676
ISIC_4423021,0.012131003805092005
ISIC_4423247,0.012629440268433077
ISIC_4424749,0.03433809174678591
ISIC_4424842,0.0055009873008861196
ISIC_4426517,0.008056864087086356
ISIC_4426615,0.019795822322538497
ISIC_4427247,0.012629440268433077
ISIC_4428229,0.023415645313852162
ISIC_4430138,0.008415931616036676
ISIC_4430541,0.002920195951381101
ISIC_4431794,0.004683565060183669
ISIC_4431911,0.012131003805092005
ISIC_4432275,0.005350620887011314
ISIC_4433231,0.011700519164688231
ISIC_4433924,0.018613614520153192
ISIC_4435605,0.0075476899945982594
ISIC_4438148,0.014127256148629088
ISIC_4438918,0.002920195951381101
ISIC_4441113,0.00598938882998317
ISIC_4442628,0.012131003805092005
ISIC_4442884,0.0075476899945982594
ISIC_4443268,0.00598938882998317
ISIC_4443863,0.0075476899945982594
ISIC_4444024,0.008415931616036676
ISIC_4445424,0.005941811339670448
ISIC_4447049,0.012629440268433077
ISIC_4448264,0.014915344873685754
ISIC_4448639,0.03433809174678591
ISIC_4449076,0.007772264078099276
ISIC_4450042,0.005941811339670448
ISIC_4450547,0.019791146041157958
ISIC_4452104,0.04515874453385774
ISIC_4454742,0.00842775661452177
ISIC_4455115,0.010503558736325164
ISIC_4455746,0.03297419037321229
ISIC_4457555,0.02124106680394157
ISIC_4458059,0.03433809174678591
ISIC_4458497,0.011700519164688231
ISIC_4458831,0.008415931616036676
ISIC_4459057,0.0129722229409786
ISIC_4459725,0.014127256148629088
ISIC_4460315,0.007777789616118136
ISIC_4461030,0.008415931616036676
ISIC_4461248,0.008415931616036676
ISIC_4461807,0.029982022158407822
ISIC_4461960,0.005941811339670448
ISIC_4462747,0.00598938882998317
ISIC_4462816,0.012328910648590203
ISIC_4463349,0.019795822322538497
ISIC_4463514,0.04295322167036864
ISIC_4464075,0.005941811339670448
ISIC_4464420,0.009794253590667282
ISIC_4464801,0.013768010652633004
ISIC_4465069,0.015126664736954419
ISIC_4466015,0.01976165566860573
ISIC_4467036,0.007772264078099276
ISIC_4467370,0.0027262355355465633
ISIC_4467372,0.014127256148629088
ISIC_4467804,0.0055009873008861196
ISIC_4468350,0.023642728502995952
ISIC_4468975,0.07128086699269456
ISIC_4469799,0.0129722229409786
ISIC_4470148,0.02588051704591062
ISIC_4470155,0.03297419037321229
ISIC_4471121,0.00598938882998317
ISIC_4471395,0.06735962201019373
ISIC_4471947,0.023642728502995952
ISIC_4472194,0.004771489988483082
ISIC_4472255,0.0055009873008861196
ISIC_4473665,0.012629440268433077
ISIC_4473780,0.012131003805092005
ISIC_4474183,0.00987847536678138
ISIC_4475717,0.0129722229409786
ISIC_4477796,0.008530478933806988
ISIC_4478000,0.007772264078099276
ISIC_4480540,0.03203972185253144
ISIC_4482611,0.001335580035090993
ISIC_4482873,0.004771489988483082
ISIC_4483006,0.014127256148629088
ISIC_4484109,0.023642728502995952
ISIC_4486116,0.00598938882998317
ISIC_4486493,0.014127256148629088
ISIC_4486657,0.009927804828760723
ISIC_4489023,0.03060723748225591
ISIC_4489148,0.007147158025622071
ISIC_4490095,0.005941811339670448
ISIC_4490633,0.02124106680394157
ISIC_4490969,0.015126664736954419
ISIC_4491724,0.015126664736954419
ISIC_4494730,0.008056864087086356
ISIC_4494895,0.008415931616036676
ISIC_4495527,0.005350620887011314
ISIC_4495576,0.014630199843023608
ISIC_4495728,0.03060723748225591
ISIC_4496609,0.008056864087086356
ISIC_4497053,0.015126664736954419
ISIC_4498562,0.02276706569407167
ISIC_4498705,0.01322224234740083
ISIC_4498984,0.029982022158407822
ISIC_4501467,0.02257937226692887
ISIC_4501640,0.02124106680394157
ISIC_4502147,0.014127256148629088
ISIC_4502319,0.008530478933806988
ISIC_4502826,0.0055009873008861196
ISIC_4503813,0.012131003805092005
ISIC_4504054,0.022212847455476865
ISIC_4504273,0.005941811339670448
ISIC_4504420,0.008415931616036676
ISIC_4505183,0.02588051704591062
ISIC_4505694,0.002920195951381101
ISIC_4505831,0.02588051704591062
ISIC_4507305,0.015126664736954419
ISIC_4510884,0.008415931616036676
ISIC_4513283,0.007772264078099276
ISIC_4513838,0.005941811339670448
ISIC_4513866,0.005941811339670448
ISIC_4514000,0.008415931616036676
ISIC_4516431,0.012131003805092005
ISIC_4520459,0.014915344873685754
ISIC_4520822,0.023415645313852162
ISIC_4524070,0.023642728502995952
ISIC_4526190,0.023415645313852162
ISIC_4526571,0.007777789616118136
ISIC_4527263,0.008056864087086356
ISIC_4527838,0.015466518943151947
ISIC_4529482,0.004771489988483082
ISIC_4529721,0.014630199843023608
ISIC_4532093,0.03203972185253144
ISIC_4533109,0.031312262271327655
ISIC_4533497,0.012629440268433077
ISIC_4535403,0.007772264078099276
ISIC_4535526,0.00906790235263338
ISIC_4537621,0.008415931616036676
ISIC_4537689,0.023642728502995952
ISIC_4537734,0.006296305879714682
ISIC_4537949,0.012328910648590203
ISIC_4537992,0.018668244138113535
ISIC_4538214,0.008415931616036676
ISIC_4538371,0.0129722229409786
ISIC_4539865,0.008415931616036676
ISIC_4543297,0.01740123568596671
ISIC_4544545,0.013452507403621503
ISIC_4545487,0.00598938882998317
ISIC_4546060,0.004807738528552053
ISIC_4546591,0.005350620887011314
ISIC_4550711,0.0013156460047165006
ISIC_4550876,0.031312262271327655
ISIC_4551893,0.011707822656926081
ISIC_4553607,0.031312262271327655
ISIC_4554446,0.010503558736325164
ISIC_4555302,0.012131003805092005
ISIC_4556233,0.05849383163275574
ISIC_4557263,0.002920195951381101
ISIC_4558143,0.0191434358070837
ISIC_4559201,0.014127256148629088
ISIC_4560021,0.008056864087086356
ISIC_4560577,0.014915344873685754
ISIC_4560630,0.015466518943151947
ISIC_4561222,0.007772264078099276
ISIC_4561897,0.03203972185253144
ISIC_4563869,0.005350620887011314
ISIC_4564430,0.0191434358070837
ISIC_4566744,0.008415931616036676
ISIC_4566970,0.009118787825793676
ISIC_4567182,0.008530478933806988
ISIC_4567243,0.00598938882998317
ISIC_4569441,0.018668244138113535
ISIC_4570077,0.0055009873008861196
ISIC_4570610,0.0075476899945982594
ISIC_4573692,0.005941811339670448
ISIC_4573723,0.0055009873008861196
ISIC_4574906,0.019795822322538497
ISIC_4575180,0.012174434661010843
ISIC_4575527,0.0055009873008861196
ISIC_4576656,0.03433809174678591
ISIC_4578458,0.004683565060183669
ISIC_4578961,0.015126664736954419
ISIC_4580050,0.012131003805092005
ISIC_4580366,0.023642728502995952
ISIC_4583119,0.009927804828760723
ISIC_4583349,0.0129722229409786
ISIC_4583712,0.005941811339670448
ISIC_4584784,0.023642728502995952
ISIC_4584886,0.008530478933806988
ISIC_4586633,0.009927804828760723
ISIC_4587316,0.00906790235263338
ISIC_4587366,0.012629440268433077
ISIC_4587813,0.012131003805092005
ISIC_4589576,0.023642728502995952
ISIC_4590186,0.014127256148629088
ISIC_4590442,0.010280039406081437
ISIC_4590527,0.0721550682608462
ISIC_4591340,0.015126664736954419
ISIC_4591934,0.008530478933806988
ISIC_4592477,0.023642728502995952
ISIC_4593137,0.00598938882998317
ISIC_4593518,0.005941811339670448
ISIC_4593553,0.022212847455476865
ISIC_4593605,0.014064874825764078
ISIC_4594387,0.014915344873685754
ISIC_4596488,0.004683565060183669
ISIC_4597293,0.03297419037321229
ISIC_4599325,0.004683565060183669
ISIC_4600378,0.018069681554864478
ISIC_4600893,0.012131003805092005
ISIC_4602918,0.023642728502995952
ISIC_4605557,0.023642728502995952
ISIC_4605739,0.00598938882998317
ISIC_4606134,0.04515874453385774
ISIC_4608543,0.00842775661452177
ISIC_4610167,0.013743965727695834
ISIC_4610381,0.0129722229409786
ISIC_4610774,0.02124106680394157
ISIC_4612428,0.005941811339670448
ISIC_4612995,0.014630199843023608
ISIC_4614050,0.012629440268433077
ISIC_4614312,0.06560684379920026
ISIC_4615677,0.010537040391233472
ISIC_4616381,0.06735962201019373
ISIC_4616408,0.01740123568596671
ISIC_4618929,0.009927804828760723
ISIC_4619326,0.005350620887011314
ISIC_4620700,0.0129722229409786
ISIC_4621064,0.00598938882998317
ISIC_4621173,0.014127256148629088
ISIC_4621760,0.013768010652633004
ISIC_4621918,0.013452507403621503
ISIC_4622981,0.019795822322538497
ISIC_4623682,0.008056864087086356
ISIC_4624118,0.008530478933806988
ISIC_4624150,0.0721550682608462
ISIC_4625309,0.018069681554864478
ISIC_4625562,0.014127256148629088
ISIC_4626600,0.012131003805092005
ISIC_4626672,0.03433809174678591
ISIC_4627066,0.023642728502995952
ISIC_4627508,0.02588051704591062
ISIC_4629020,0.00598938882998317
ISIC_4629709,0.015466518943151947
ISIC_4630161,0.005941811339670448
ISIC_4630423,0.04350308921491678
ISIC_4631399,0.031312262271327655
ISIC_4632131,0.014127256148629088
ISIC_4633043,0.005350620887011314
ISIC_4634217,0.010537040391233472
ISIC_4634556,0.005350620887011314
ISIC_4634975,0.0721550682608462
ISIC_4637534,0.012629440268433077
ISIC_4638233,0.0129722229409786
ISIC_4638416,0.0055009873008861196
ISIC_4638451,0.0013156460047165006
ISIC_4639151,0.0055009873008861196
ISIC_4639746,0.004771489988483082
ISIC_4640206,0.0055009873008861196
ISIC_4641990,0.03203972185253144
ISIC_4642624,0.03019259795930689
ISIC_4642968,0.014630199843023608
ISIC_4643058,0.008415931616036676
ISIC_4644307,0.0055009873008861196
ISIC_4645765,0.005941811339670448
ISIC_4646056,0.009927804828760723
ISIC_4646907,0.012629440268433077
ISIC_4648580,0.013768010652633004
ISIC_4649621,0.012328910648590203
ISIC_4651671,0.02588051704591062
ISIC_4654147,0.012328910648590203
ISIC_4654442,0.008056864087086356
ISIC_4655135,0.015466518943151947
ISIC_4655939,0.06560684379920026
ISIC_4656170,0.0075476899945982594
ISIC_4657347,0.009927804828760723
ISIC_4657579,0.005941811339670448
ISIC_4658502,0.004683565060183669
ISIC_4659447,0.03060723748225591
ISIC_4659751,0.013452507403621503
ISIC_4659922,0.007772264078099276
ISIC_4660080,0.018069681554864478
ISIC_4664888,0.0129722229409786
ISIC_4665735,0.015126664736954419
ISIC_4668893,0.009927804828760723
ISIC_4669837,0.00842775661452177
ISIC_4669952,0.02257937226692887
ISIC_4672591,0.008056864087086356
ISIC_4672828,0.010280039406081437
ISIC_4673296,0.012328910648590203
ISIC_4676117,0.0075476899945982594
ISIC_4677012,0.004683565060183669
ISIC_4677246,0.012629440268433077
ISIC_4678673,0.023642728502995952
ISIC_4679024,0.012131003805092005
ISIC_4679112,0.012131003805092005
ISIC_4679978,0.009927804828760723
ISIC_4680001,0.014064874825764078
ISIC_4680705,0.053025144868233696
ISIC_4680719,0.005350620887011314
ISIC_4683532,0.005941811339670448
ISIC_4684510,0.014915344873685754
ISIC_4685091,0.0027262355355465633
ISIC_4685511,0.0055009873008861196
ISIC_4685859,0.0129722229409786
ISIC_4686358,0.07962060602312236
ISIC_4686791,0.0075476899945982594
ISIC_4687450,0.00906790235263338
ISIC_4690521,0.01976165566860573
ISIC_4693252,0.023642728502995952
ISIC_4693305,0.0055009873008861196
ISIC_4695627,0.015126664736954419
ISIC_4695977,0.02588051704591062
ISIC_4696106,0.032818041260116185
ISIC_4696807,0.012629440268433077
ISIC_4697681,0.005941811339670448
ISIC_4698709,0.0191434358070837
ISIC_4698993,0.012328910648590203
ISIC_4699802,0.023642728502995952
ISIC_4702731,0.07128086699269456
ISIC_4703373,0.0055009873008861196
ISIC_4703709,0.013452507403621503
ISIC_4704240,0.012131003805092005
ISIC_4705155,0.012629440268433077
ISIC_4707779,0.005941811339670448
ISIC_4709570,0.013452507403621503
ISIC_4709630,0.03203972185253144
ISIC_4710273,0.015466518943151947
ISIC_4710610,0.002920195951381101
ISIC_4712151,0.012131003805092005
ISIC_4712238,0.005350620887011314
ISIC_4714103,0.012629440268433077
ISIC_4715584,0.012174434661010843
ISIC_4716964,0.004683565060183669
ISIC_4718423,0.0055009873008861196
ISIC_4718575,0.009952575752890295
ISIC_4719774,0.03398822797002655
ISIC_4719788,0.012131003805092005
ISIC_4720030,0.019791146041157958
ISIC_4720727,0.012131003805092005
ISIC_4722011,0.0027262355355465633
ISIC_4723132,0.015126664736954419
ISIC_4725395,0.023642728502995952
ISIC_4727376,0.012131003805092005
ISIC_4728471,0.02588051704591062
ISIC_4731582,0.012629440268433077
ISIC_4732028,0.015466518943151947
ISIC_4732889,0.011700519164688231
ISIC_4733747,0.004807738528552053
ISIC_4734325,0.012629440268433077
ISIC_4734602,0.029982022158407822
ISIC_4734853,0.0129722229409786
ISIC_4736009,0.03203972185253144
ISIC_4736742,0.01740123568596671
ISIC_4744679,0.012131003805092005
ISIC_4746271,0.009927804828760723
ISIC_4746727,0.0013156460047165006
ISIC_4747887,0.019795822322538497
ISIC_4748644,0.012131003805092005
ISIC_4748744,0.0055009873008861196
ISIC_4749286,0.004683565060183669
ISIC_4751297,0.018668244138113535
ISIC_4751637,0.013768010652633004
ISIC_4751761,0.03019259795930689
ISIC_4752864,0.014127256148629088
ISIC_4752900,0.014127256148629088
ISIC_4753265,0.001271369456480849
ISIC_4754513,0.011707822656926081
ISIC_4754540,0.012131003805092005
ISIC_4755627,0.005941811339670448
ISIC_4755685,0.014064874825764078
ISIC_4760664,0.023642728502995952
ISIC_4762845,0.004683565060183669
ISIC_4763331,0.010537040391233472
ISIC_4763824,0.009927804828760723
ISIC_4765046,0.012328910648590203
ISIC_4766056,0.004807738528552053
ISIC_4766878,0.008056864087086356
ISIC_4767324,0.012629440268433077
ISIC_4767410,0.0075476899945982594
ISIC_4767766,0.013768010652633004
ISIC_4768753,0.012629440268433077
ISIC_4770415,0.031312262271327655
ISIC_4771022,0.010280039406081437
ISIC_4771462,0.005941811339670448
ISIC_4773462,0.03060723748225591
ISIC_4773476,0.023176330689934875
ISIC_4773673,0.008415931616036676
ISIC_4774078,0.012629440268433077
ISIC_4776185,0.00842775661452177
ISIC_4776403,0.012629440268433077
ISIC_4778220,0.008056864087086356
ISIC_4780083,0.006640600724187732
ISIC_4780488,0.012131003805092005
ISIC_4781306,0.03398822797002655
ISIC_4781406,0.008056864087086356
ISIC_4783462,0.005941811339670448
ISIC_4783490,0.005941811339670448
ISIC_4783637,0.012131003805092005
ISIC_4784469,0.010503558736325164
ISIC_4786863,0.005350620887011314
ISIC_4787920,0.00413195073356276
ISIC_4789741,0.009927804828760723
ISIC_4790433,0.015466518943151947
ISIC_4791409,0.04710108907479712
ISIC_4791694,0.008530478933806988
ISIC_4792090,0.0032249371579026417
ISIC_4795502,0.008056864087086356
ISIC_4796486,0.018668244138113535
ISIC_4797031,0.018613614520153192
ISIC_4797111,0.01740123568596671
ISIC_4798486,0.005941811339670448
ISIC_4798580,0.023176330689934875
ISIC_4799228,0.01976165566860573
ISIC_4799458,0.005350620887011314
ISIC_4800168,0.019795822322538497
ISIC_4800794,0.0075476899945982594
ISIC_4801332,0.005941811339670448
ISIC_4803797,0.004683565060183669
ISIC_4804562,0.004683565060183669
ISIC_4805956,0.005941811339670448
ISIC_4806399,0.014630199843023608
ISIC_4806625,0.014915344873685754
ISIC_4807050,0.018668244138113535
ISIC_4807815,0.00598938882998317
ISIC_4808024,0.005350620887011314
ISIC_4808329,0.03060723748225591
ISIC_4808532,0.015126664736954419
ISIC_4808714,0.0722848228658311
ISIC_4808848,0.0055009873008861196
ISIC_4809071,0.004683565060183669
ISIC_4809335,0.005941811339670448
ISIC_4810227,0.032818041260116185
ISIC_4811580,0.06021165937847699
ISIC_4811677,0.018613614520153192
ISIC_4811778,0.02588051704591062
ISIC_4812485,0.014064874825764078
ISIC_4812564,0.007772264078099276
ISIC_4814164,0.012629440268433077
ISIC_4814785,0.00842775661452177
ISIC_4814938,0.0028434929779356626
ISIC_4815388,0.004683565060183669
ISIC_4817313,0.008530478933806988
ISIC_4817940,0.008056864087086356
ISIC_4818265,0.012131003805092005
ISIC_4818658,0.009927804828760723
ISIC_4818768,0.00987847536678138
ISIC_4819603,0.0055009873008861196
ISIC_4820261,0.02124106680394157
ISIC_4821916,0.005941811339670448
ISIC_4824598,0.008056864087086356
ISIC_4825339,0.00598938882998317
ISIC_4825933,0.008056864087086356
ISIC_4827036,0.02276706569407167
ISIC_4827270,0.03433809174678591
ISIC_4827286,0.005941811339670448
ISIC_4828981,0.007772264078099276
ISIC_4829446,0.012629440268433077
ISIC_4829472,0.00906790235263338
ISIC_4830912,0.02588051704591062
ISIC_4831237,0.008056864087086356
ISIC_4831295,0.02588051704591062
ISIC_4832128,0.008056864087086356
ISIC_4832339,0.00906790235263338
ISIC_4832498,0.007772264078099276
ISIC_4836753,0.012131003805092005
ISIC_4837220,0.00842775661452177
ISIC_4837951,0.012328910648590203
ISIC_4839793,0.023642728502995952
ISIC_4840667,0.014630199843023608
ISIC_4841584,0.005941811339670448
ISIC_4841875,0.03398822797002655
ISIC_4842020,0.008056864087086356
ISIC_4842371,0.004683565060183669
ISIC_4842490,0.00598938882998317
ISIC_4842827,0.023642728502995952
ISIC_4843204,0.008056864087086356
ISIC_4844211,0.012629440268433077
ISIC_4845699,0.012629440268433077
ISIC_4848990,0.00598938882998317
ISIC_4850670,0.03433809174678591
ISIC_4852647,0.009927804828760723
ISIC_4853617,0.008056864087086356
ISIC_4854045,0.04515874453385774
ISIC_4854164,0.0055009873008861196
ISIC_4854177,0.005350620887011314
ISIC_4854906,0.009927804828760723
ISIC_4855263,0.013452507403621503
ISIC_4858118,0.015126664736954419
ISIC_4859236,0.03203972185253144
ISIC_4860646,0.019795822322538497
ISIC_4864036,0.014630199843023608
ISIC_4864264,0.022212847455476865
ISIC_4864699,0.0075476899945982594
ISIC_4870115,0.031312262271327655
ISIC_4870183,0.015126664736954419
ISIC_4870714,0.09435186862283403
ISIC_4871413,0.004683565060183669
ISIC_4872245,0.008415931616036676
ISIC_4872399,0.005941811339670448
ISIC_4874456,0.009952575752890295
ISIC_4875186,0.02124106680394157
ISIC_4876529,0.007772264078099276
ISIC_4876871,0.005941811339670448
ISIC_4878152,0.03398822797002655
ISIC_4878732,0.0075476899945982594
ISIC_4880962,0.012328910648590203
ISIC_4881050,0.03203972185253144
ISIC_4881393,0.02257937226692887
ISIC_4885871,0.007772264078099276
ISIC_4887134,0.004683565060183669
ISIC_4887484,0.009927804828760723
ISIC_4888789,0.002920195951381101
ISIC_4890495,0.032818041260116185
ISIC_4890586,0.023642728502995952
ISIC_4891480,0.004771489988483082
ISIC_4892281,0.005941811339670448
ISIC_4892438,0.013743965727695834
ISIC_4892442,0.05461988606727832
ISIC_4892807,0.002920195951381101
ISIC_4893770,0.013768010652633004
ISIC_4895887,0.014127256148629088
ISIC_4897657,0.019791146041157958
ISIC_4899688,0.023642728502995952
ISIC_4900231,0.014127256148629088
ISIC_4901230,0.0038325340137393715
ISIC_4901478,0.012131003805092005
ISIC_4901544,0.012131003805092005
ISIC_4902521,0.008415931616036676
ISIC_4903290,0.023415645313852162
ISIC_4905186,0.014915344873685754
ISIC_4905375,0.012131003805092005
ISIC_4906070,0.015126664736954419
ISIC_4906097,0.009118787825793676
ISIC_4906230,0.01689884214140311
ISIC_4907312,0.0055009873008861196
ISIC_4907927,0.009927804828760723
ISIC_4908169,0.023642728502995952
ISIC_4909821,0.012131003805092005
ISIC_4909893,0.005350620887011314
ISIC_4910741,0.031312262271327655
ISIC_4910774,0.012328910648590203
ISIC_4911748,0.0129722229409786
ISIC_4911885,0.001271369456480849
ISIC_4912964,0.023642728502995952
ISIC_4913954,0.012131003805092005
ISIC_4913985,0.0055009873008861196
ISIC_4916489,0.012174434661010843
ISIC_4917144,0.001271369456480849
ISIC_4918167,0.014630199843023608
ISIC_4918621,0.008056864087086356
ISIC_4920450,0.012629440268433077
ISIC_4920466,0.005941811339670448
ISIC_4921590,0.008415931616036676
ISIC_4921639,0.004771489988483082
ISIC_4921916,0.010503558736325164
ISIC_4922339,0.012629440268433077
ISIC_4923214,0.014630199843023608
ISIC_4923493,0.014915344873685754
ISIC_4924167,0.015126664736954419
ISIC_4924889,0.004683565060183669
ISIC_4925317,0.015126664736954419
ISIC_4926849,0.02588051704591062
ISIC_4927187,0.0129722229409786
ISIC_4927902,0.019795822322538497
ISIC_4928287,0.015466518943151947
ISIC_4928736,0.004683565060183669
ISIC_4928785,0.012328910648590203
ISIC_4929350,0.02588051704591062
ISIC_4930702,0.015126664736954419
ISIC_4933736,0.008530478933806988
ISIC_4933952,0.0722848228658311
ISIC_4934388,0.0035735790128110356
ISIC_4934693,0.00598938882998317
ISIC_4934826,0.00987847536678138
ISIC_4935297,0.012328910648590203
ISIC_4936056,0.02257937226692887
ISIC_4936935,0.018668244138113535
ISIC_4938202,0.0055009873008861196
ISIC_4938348,0.014127256148629088
ISIC_4939110,0.005941811339670448
ISIC_4939299,0.01976165566860573
ISIC_4939510,0.007772264078099276
ISIC_4940049,0.001335580035090993
ISIC_4940163,0.011700519164688231
ISIC_4943283,0.008530478933806988
ISIC_4944703,0.013452507403621503
ISIC_4946124,0.008530478933806988
ISIC_4946396,0.008056864087086356
ISIC_4946934,0.03203972185253144
ISIC_4947097,0.00598938882998317
ISIC_4949159,0.023176330689934875
ISIC_4949979,0.015126664736954419
ISIC_4953148,0.014630199843023608
ISIC_4953789,0.008056864087086356
ISIC_4954090,0.015466518943151947
ISIC_4955533,0.005941811339670448
ISIC_4955793,0.02588051704591062
ISIC_4956153,0.005941811339670448
ISIC_4956884,0.007772264078099276
ISIC_4957213,0.007835449297397983
ISIC_4959196,0.0055009873008861196
ISIC_4959359,0.001335580035090993
ISIC_4961146,0.012131003805092005
ISIC_4963175,0.03433809174678591
ISIC_4964804,0.013452507403621503
ISIC_4964889,0.015466518943151947
ISIC_4965292,0.07419192833972765
ISIC_4965436,0.014630199843023608
ISIC_4966927,0.011707822656926081
ISIC_4967356,0.008415931616036676
ISIC_4968241,0.008056864087086356
ISIC_4968384,0.0722848228658311
ISIC_4969524,0.008415931616036676
ISIC_4970324,0.02276706569407167
ISIC_4971479,0.013768010652633004
ISIC_4972682,0.029982022158407822
ISIC_4973223,0.005350620887011314
ISIC_4974922,0.005350620887011314
ISIC_4975524,0.0721550682608462
ISIC_4978641,0.00987847536678138
ISIC_4979173,0.023642728502995952
ISIC_4979450,0.005941811339670448
ISIC_4980704,0.004683565060183669
ISIC_4982046,0.009927804828760723
ISIC_4982137,0.013768010652633004
ISIC_4985114,0.005941811339670448
ISIC_4986320,0.0721550682608462
ISIC_4988010,0.029982022158407822
ISIC_4988846,0.008056864087086356
ISIC_4990272,0.005350620887011314
ISIC_4990450,0.005941811339670448
ISIC_4991055,0.008056864087086356
ISIC_4991081,0.023642728502995952
ISIC_4991689,0.023642728502995952
ISIC_4991866,0.005941811339670448
ISIC_4993359,0.014630199843023608
ISIC_4994074,0.031312262271327655
ISIC_4994255,0.0055009873008861196
ISIC_4996960,0.02124106680394157
ISIC_4998162,0.014915344873685754
ISIC_4998467,0.012629440268433077
ISIC_4999683,0.023642728502995952
ISIC_5000253,0.006296305879714682
ISIC_5003318,0.008415931616036676
ISIC_5003396,0.01976165566860573
ISIC_5003515,0.05849383163275574
ISIC_5003617,0.015126664736954419
ISIC_5005015,0.0013156460047165006
ISIC_5005138,0.013452507403621503
ISIC_5005933,0.04222222620740611
ISIC_5006243,0.012131003805092005
ISIC_5006561,0.005941811339670448
ISIC_5006966,0.0055009873008861196
ISIC_5007320,0.01740123568596671
ISIC_5007420,0.015466518943151947
ISIC_5008110,0.005509267644750346
ISIC_5008595,0.006640600724187732
ISIC_5008803,0.004771489988483082
ISIC_5009524,0.009927804828760723
ISIC_5010235,0.018668244138113535
ISIC_5011656,0.005350620887011314
ISIC_5011671,0.0055009873008861196
ISIC_5013106,0.00842775661452177
ISIC_5013845,0.0129722229409786
ISIC_5014133,0.019791146041157958
ISIC_5014918,0.012131003805092005
ISIC_5014922,0.002920195951381101
ISIC_5015604,0.00598938882998317
ISIC_5016755,0.005941811339670448
ISIC_5017172,0.015126664736954419
ISIC_5017576,0.019795822322538497
ISIC_5017873,0.005350620887011314
ISIC_5018995,0.0129722229409786
ISIC_5019438,0.015466518943151947
ISIC_5021072,0.008415931616036676
ISIC_5021202,0.004683565060183669
ISIC_5021551,0.03060723748225591
ISIC_5022165,0.004683565060183669
ISIC_5024441,0.012328910648590203
ISIC_5024697,0.03433809174678591
ISIC_5025033,0.01689884214140311
ISIC_5025520,0.005350620887011314
ISIC_5026157,0.015725311437139004
ISIC_5027183,0.011700519164688231
ISIC_5029232,0.002920195951381101
ISIC_5030665,0.053025144868233696
ISIC_5031847,0.010503558736325164
ISIC_5032734,0.012328910648590203
ISIC_5032772,0.0722848228658311
ISIC_5033399,0.012629440268433077
ISIC_5033500,0.008056864087086356
ISIC_5033622,0.011700519164688231
ISIC_5034479,0.02124106680394157
ISIC_5034532,0.03203972185253144
ISIC_5035833,0.00842775661452177
ISIC_5036511,0.013452507403621503
ISIC_5039173,0.019795822322538497
ISIC_5039227,0.02257937226692887
ISIC_5039654,0.008530478933806988
ISIC_5041333,0.008056864087086356
ISIC_5041724,0.0027262355355465633
ISIC_5041827,0.02588051704591062
ISIC_5043590,0.019795822322538497
ISIC_5044160,0.0191434358070837
ISIC_5044571,0.023176330689934875
ISIC_5045049,0.0075476899945982594
ISIC_5046595,0.008415931616036676
ISIC_5046748,0.012131003805092005
ISIC_5046992,0.023642728502995952
ISIC_5048708,0.009444458819572022
ISIC_5049288,0.012131003805092005
ISIC_5050453,0.004683565060183669
ISIC_5050580,0.013768010652633004
ISIC_5052489,0.004683565060183669
ISIC_5052908,0.09685926462597355
ISIC_5053329,0.010280039406081437
ISIC_5053923,0.012629440268433077
ISIC_5055179,0.01728583852632074
ISIC_5055755,0.05849383163275574
ISIC_5056243,0.00906790235263338
ISIC_5058069,0.015466518943151947
ISIC_5060482,0.00598938882998317
ISIC_5061183,0.015466518943151947
ISIC_5061591,0.012629440268433077
ISIC_5061941,0.02276706569407167
ISIC_5064265,0.001335580035090993
ISIC_5064788,0.012629440268433077
ISIC_5066711,0.0129722229409786
ISIC_5067615,0.012131003805092005
ISIC_5067977,0.010503558736325164
ISIC_5069109,0.03203972185253144
ISIC_5069265,0.005941811339670448
ISIC_5069634,0.011700519164688231
ISIC_5072815,0.00842775661452177
ISIC_5073520,0.0013156460047165006
ISIC_5078133,0.005350620887011314
ISIC_5081250,0.004683565060183669
ISIC_5081326,0.00842775661452177
ISIC_5081719,0.023642728502995952
ISIC_5082251,0.01728583852632074
ISIC_5082319,0.010503558736325164
ISIC_5082705,0.0075476899945982594
ISIC_5084762,0.02124106680394157
ISIC_5085659,0.048179677594638655
ISIC_5085823,0.019791146041157958
ISIC_5087344,0.019795822322538497
ISIC_5089461,0.014915344873685754
ISIC_5091263,0.002920195951381101
ISIC_5092653,0.005941811339670448
ISIC_5092976,0.015126664736954419
ISIC_5093855,0.0075476899945982594
ISIC_5093941,0.08200855474900032
ISIC_5094022,0.0721550682608462
ISIC_5095231,0.0055009873008861196
ISIC_5097563,0.012131003805092005
ISIC_5097951,0.0075476899945982594
ISIC_5098309,0.0053968336111840124
ISIC_5098512,0.031312262271327655
ISIC_5098519,0.01976165566860573
ISIC_5098625,0.008056864087086356
ISIC_5098669,0.023642728502995952
ISIC_5099405,0.004771489988483082
ISIC_5099850,0.0129722229409786
ISIC_5099927,0.03512346797077824
ISIC_5100308,0.014127256148629088
ISIC_5103537,0.023642728502995952
ISIC_5106017,0.014127256148629088
ISIC_5106300,0.007835449297397983
ISIC_5106808,0.012629440268433077
ISIC_5107234,0.007772264078099276
ISIC_5107830,0.0129722229409786
ISIC_5108974,0.018613614520153192
ISIC_5110226,0.001335580035090993
ISIC_5112073,0.00906790235263338
ISIC_5112206,0.008415931616036676
ISIC_5112714,0.014127256148629088
ISIC_5114735,0.005941811339670448
ISIC_5116301,0.015466518943151947
ISIC_5116490,0.03433809174678591
ISIC_5117203,0.09685926462597355
ISIC_5119528,0.03612699562708619
ISIC_5120471,0.013768010652633004
ISIC_5121946,0.023642728502995952
ISIC_5122823,0.004683565060183669
ISIC_5125245,0.009927804828760723
ISIC_5126198,0.015466518943151947
ISIC_5128929,0.014127256148629088
ISIC_5128951,0.05849383163275574
ISIC_5129659,0.003148152939857341
ISIC_5129921,0.005941811339670448
ISIC_5130138,0.019795822322538497
ISIC_5132018,0.015725311437139004
ISIC_5132556,0.015126664736954419
ISIC_5134044,0.010537040391233472
ISIC_5135086,0.03203972185253144
ISIC_5135803,0.014064874825764078
ISIC_5136208,0.005941811339670448
ISIC_5136406,0.01740123568596671
ISIC_5137296,0.01740123568596671
ISIC_5137329,0.011700519164688231
ISIC_5139650,0.002920195951381101
ISIC_5140224,0.015126664736954419
ISIC_5141003,0.014915344873685754
ISIC_5141124,0.013452507403621503
ISIC_5143609,0.03433809174678591
ISIC_5143719,0.015126664736954419
ISIC_5143980,0.008415931616036676
ISIC_5144800,0.0055009873008861196
ISIC_5145268,0.0055009873008861196
ISIC_5148020,0.05057779387792067
ISIC_5149540,0.014630199843023608
ISIC_5149608,0.010503558736325164
ISIC_5150482,0.009952575752890295
ISIC_5151448,0.012131003805092005
ISIC_5151708,0.00826390146712552
ISIC_5152615,0.0055009873008861196
ISIC_5154074,0.004683565060183669
ISIC_5154538,0.03398822797002655
ISIC_5154690,0.012629440268433077
ISIC_5155477,0.011700519164688231
ISIC_5156251,0.023642728502995952
ISIC_5157067,0.018069681554864478
ISIC_5158115,0.00842775661452177
ISIC_5159813,0.008056864087086356
ISIC_5161670,0.009118787825793676
ISIC_5165301,0.014064874825764078
ISIC_5167100,0.015126664736954419
ISIC_5167130,0.001271369456480849
ISIC_5168048,0.011700519164688231
ISIC_5168327,0.012131003805092005
ISIC_5170060,0.023642728502995952
ISIC_5171402,0.011707822656926081
ISIC_5171694,0.02588051704591062
ISIC_5171954,0.03433809174678591
ISIC_5172440,0.03433809174678591
ISIC_5172576,0.012629440268433077
ISIC_5172724,0.02257937226692887
ISIC_5172770,0.012328910648590203
ISIC_5173631,0.03433809174678591
ISIC_5173928,0.015126664736954419
ISIC_5173944,0.0075476899945982594
ISIC_5175967,0.012629440268433077
ISIC_5176589,0.0027262355355465633
ISIC_5176953,0.0129722229409786
ISIC_5176973,0.013452507403621503
ISIC_5180609,0.008056864087086356
ISIC_5183234,0.008056864087086356
ISIC_5183542,0.02124106680394157
ISIC_5184012,0.018668244138113535
ISIC_5184339,0.008415931616036676
ISIC_5185780,0.009927804828760723
ISIC_5186148,0.012629440268433077
ISIC_5187012,0.004683565060183669
ISIC_5187844,0.01689884214140311
ISIC_5188132,0.0075476899945982594
ISIC_5189120,0.00598938882998317
ISIC_5191060,0.005941811339670448
ISIC_5192096,0.005941811339670448
ISIC_5193073,0.001335580035090993
ISIC_5194092,0.015466518943151947
ISIC_5195456,0.001271369456480849
ISIC_5196119,0.015126664736954419
ISIC_5196410,0.007772264078099276
ISIC_5196451,0.02588051704591062
ISIC_5196606,0.031312262271327655
ISIC_5197483,0.02588051704591062
ISIC_5198138,0.014127256148629088
ISIC_5198297,0.0055009873008861196
ISIC_5199299,0.023176330689934875
ISIC_5199937,0.005941811339670448
ISIC_5200854,0.012131003805092005
ISIC_5202200,0.005941811339670448
ISIC_5202295,0.004771489988483082
ISIC_5202792,0.014127256148629088
ISIC_5202819,0.008056864087086356
ISIC_5203650,0.015126664736954419
ISIC_5205676,0.014630199843023608
ISIC_5205854,0.00598938882998317
ISIC_5209080,0.008415931616036676
ISIC_5209191,0.00906790235263338
ISIC_5209805,0.014630199843023608
ISIC_5210778,0.0129722229409786
ISIC_5210811,0.018613614520153192
ISIC_5211181,0.012131003805092005
ISIC_5211515,0.004683565060183669
ISIC_5213317,0.019795822322538497
ISIC_5213541,0.023642728502995952
ISIC_5215433,0.007772264078099276
ISIC_5216021,0.023642728502995952
ISIC_5216841,0.001335580035090993
ISIC_5217071,0.008530478933806988
ISIC_5217919,0.0191434358070837
ISIC_5219445,0.015725311437139004
ISIC_5221781,0.005941811339670448
ISIC_5221810,0.0129722229409786
ISIC_5223297,0.008530478933806988
ISIC_5224820,0.008056864087086356
ISIC_5224893,0.0075476899945982594
ISIC_5224960,0.03433809174678591
ISIC_5226679,0.008056864087086356
ISIC_5228119,0.06021165937847699
ISIC_5229373,0.00906790235263338
ISIC_5230011,0.009927804828760723
ISIC_5230205,0.014064874825764078
ISIC_5230974,0.029982022158407822
ISIC_5231195,0.0075476899945982594
ISIC_5231648,0.04222222620740611
ISIC_5231939,0.012328910648590203
ISIC_5233054,0.015126664736954419
ISIC_5233493,0.008056864087086356
ISIC_5234098,0.06560684379920026
ISIC_5236540,0.00842775661452177
ISIC_5237186,0.005941811339670448
ISIC_5237365,0.009952575752890295
ISIC_5239126,0.029982022158407822
ISIC_5239551,0.008530478933806988
ISIC_5239624,0.0191434358070837
ISIC_5242261,0.023415645313852162
ISIC_5244932,0.0191434358070837
ISIC_5246727,0.012328910648590203
ISIC_5247005,0.00598938882998317
ISIC_5249429,0.03203972185253144
ISIC_5249476,0.08200855474900032
ISIC_5249641,0.03203972185253144
ISIC_5249675,0.007772264078099276
ISIC_5249789,0.013768010652633004
ISIC_5250589,0.014630199843023608
ISIC_5251624,0.00598938882998317
ISIC_5251954,0.015126664736954419
ISIC_5253289,0.01728583852632074
ISIC_5253450,0.013743965727695834
ISIC_5253465,0.00598938882998317
ISIC_5253795,0.014127256148629088
ISIC_5254577,0.019795822322538497
ISIC_5256047,0.008056864087086356
ISIC_5258301,0.023642728502995952
ISIC_5260081,0.010503558736325164
ISIC_5260274,0.007772264078099276
ISIC_5260558,0.014915344873685754
ISIC_5264406,0.004683565060183669
ISIC_5264509,0.012131003805092005
ISIC_5264638,0.023642728502995952
ISIC_5265170,0.053025144868233696
ISIC_5265185,0.014630199843023608
ISIC_5265808,0.00906790235263338
ISIC_5267225,0.009927804828760723
ISIC_5269066,0.00598938882998317
ISIC_5269760,0.07128086699269456
ISIC_5269993,0.012131003805092005
ISIC_5270029,0.01740123568596671
ISIC_5271491,0.00906790235263338
ISIC_5271610,0.012629440268433077
ISIC_5274319,0.0055009873008861196
ISIC_5275484,0.02124106680394157
ISIC_5276317,0.0129722229409786
ISIC_5276371,0.023642728502995952
ISIC_5277723,0.001271369456480849
ISIC_5278233,0.03433809174678591
ISIC_5278466,0.014127256148629088
ISIC_5280324,0.02298990630814576
ISIC_5281393,0.007772264078099276
ISIC_5283427,0.019795822322538497
ISIC_5283814,0.014630199843023608
ISIC_5284795,0.02588051704591062
ISIC_5285042,0.00598938882998317
ISIC_5285074,0.018613614520153192
ISIC_5285323,0.015466518943151947
ISIC_5286684,0.009927804828760723
ISIC_5287531,0.0055009873008861196
ISIC_5287696,0.001335580035090993
ISIC_5288073,0.029982022158407822
ISIC_5288393,0.0721550682608462
ISIC_5290070,0.0721550682608462
ISIC_5290355,0.012131003805092005
ISIC_5290690,0.009927804828760723
ISIC_5290886,0.012131003805092005
ISIC_5290958,0.05461988606727832
ISIC_5291409,0.013452507403621503
ISIC_5291660,0.023642728502995952
ISIC_5292407,0.00842775661452177
ISIC_5292944,0.014127256148629088
ISIC_5294076,0.009952575752890295
ISIC_5294230,0.0129722229409786
ISIC_5294387,0.007147158025622071
ISIC_5294678,0.03203972185253144
ISIC_5295902,0.007772264078099276
ISIC_5295933,0.008415931616036676
ISIC_5296029,0.014630199843023608
ISIC_5297738,0.005941811339670448
ISIC_5298171,0.008056864087086356
ISIC_5302330,0.009927804828760723
ISIC_5303043,0.01740123568596671
ISIC_5303385,0.03433809174678591
ISIC_5304211,0.013768010652633004
ISIC_5304626,0.0055009873008861196
ISIC_5306250,0.019791146041157958
ISIC_5306862,0.008415931616036676
ISIC_5307138,0.02276706569407167
ISIC_5307788,0.0129722229409786
ISIC_5309403,0.07128086699269456
ISIC_5309844,0.012131003805092005
ISIC_5309864,0.005941811339670448
ISIC_5309908,0.037189554322000495
ISIC_5311159,0.012629440268433077
ISIC_5311348,0.015126664736954419
ISIC_5311634,0.007772264078099276
ISIC_5311851,0.004807738528552053
ISIC_5312502,0.004683565060183669
ISIC_5316263,0.005350620887011314
ISIC_5316470,0.0028434929779356626
ISIC_5319047,0.015466518943151947
ISIC_5319191,0.0129722229409786
ISIC_5319645,0.022212847455476865
ISIC_5320315,0.00842775661452177
ISIC_5321679,0.018668244138113535
ISIC_5322873,0.009927804828760723
ISIC_5326411,0.00987847536678138
ISIC_5329624,0.005941811339670448
ISIC_5330007,0.015126664736954419
ISIC_5330193,0.006296305879714682
ISIC_5330414,0.023642728502995952
ISIC_5331778,0.008530478933806988
ISIC_5332172,0.02276706569407167
ISIC_5332333,0.001335580035090993
ISIC_5332968,0.010503558736325164
ISIC_5333448,0.00906790235263338
ISIC_5334200,0.008530478933806988
ISIC_5335260,0.023642728502995952
ISIC_5335757,0.00842775661452177
ISIC_5336779,0.008415931616036676
ISIC_5338273,0.012174434661010843
ISIC_5338424,0.00842775661452177
ISIC_5338570,0.014127256148629088
ISIC_5338912,0.00598938882998317
ISIC_5344693,0.013452507403621503
ISIC_5345157,0.008415931616036676
ISIC_5345285,0.005941811339670448
ISIC_5346198,0.012629440268433077
ISIC_5348823,0.011700519164688231
ISIC_5349093,0.009927804828760723
ISIC_5349983,0.03433809174678591
ISIC_5350239,0.010280039406081437
ISIC_5350813,0.008415931616036676
ISIC_5351042,0.014064874825764078
ISIC_5351667,0.012629440268433077
ISIC_5352069,0.0075476899945982594
ISIC_5352496,0.03060723748225591
ISIC_5352743,0.008056864087086356
ISIC_5353814,0.012629440268433077
ISIC_5354157,0.031312262271327655
ISIC_5356360,0.0429848807511717
ISIC_5356764,0.005941811339670448
ISIC_5357447,0.0722848228658311
ISIC_5357679,0.012131003805092005
ISIC_5358349,0.004683565060183669
ISIC_5359061,0.03433809174678591
ISIC_5359600,0.00598938882998317
ISIC_5361423,0.012131003805092005
ISIC_5366120,0.002920195951381101
ISIC_5366315,0.007772264078099276
ISIC_5367300,0.019791146041157958
ISIC_5367980,0.007147158025622071
ISIC_5368062,0.008530478933806988
ISIC_5368711,0.013452507403621503
ISIC_5369094,0.09951294310887694
ISIC_5370884,0.008530478933806988
ISIC_5371910,0.02588051704591062
ISIC_5371925,0.012328910648590203
ISIC_5372420,0.004683565060183669
ISIC_5372461,0.008056864087086356
ISIC_5372697,0.023176330689934875
ISIC_5374200,0.02124106680394157
ISIC_5375464,0.012629440268433077
ISIC_5376943,0.0055009873008861196
ISIC_5378634,0.02124106680394157
ISIC_5379324,0.023642728502995952
ISIC_5379684,0.007772264078099276
ISIC_5379701,0.0055009873008861196
ISIC_5380367,0.02257937226692887
ISIC_5381890,0.009952575752890295
ISIC_5382076,0.008415931616036676
ISIC_5383897,0.008530478933806988
ISIC_5384476,0.008056864087086356
ISIC_5386528,0.008056864087086356
ISIC_5386993,0.015126664736954419
ISIC_5387264,0.008415931616036676
ISIC_5387742,0.00598938882998317
ISIC_5388371,0.008415931616036676
ISIC_5390118,0.03297419037321229
ISIC_5390308,0.00598938882998317
ISIC_5391024,0.01976165566860573
ISIC_5392206,0.012131003805092005
ISIC_5392789,0.010503558736325164
ISIC_5392923,0.0055009873008861196
ISIC_5393971,0.00598938882998317
ISIC_5395704,0.02588051704591062
ISIC_5397969,0.019791146041157958
ISIC_5398024,0.04350308921491678
ISIC_5399201,0.0055009873008861196
ISIC_5399722,0.03398822797002655
ISIC_5399850,0.012131003805092005
ISIC_5400056,0.0129722229409786
ISIC_5401032,0.018613614520153192
ISIC_5401768,0.012629440268433077
ISIC_5403261,0.012131003805092005
ISIC_5403285,0.010503558736325164
ISIC_5403736,0.023642728502995952
ISIC_5403880,0.012629440268433077
ISIC_5406945,0.00598938882998317
ISIC_5407909,0.007772264078099276
ISIC_5408357,0.01740123568596671
ISIC_5410137,0.005941811339670448
ISIC_5410641,0.00598938882998317
ISIC_5410789,0.014915344873685754
ISIC_5410816,0.03203972185253144
ISIC_5411152,0.0722848228658311
ISIC_5411356,0.019791146041157958
ISIC_5411972,0.014127256148629088
ISIC_5412416,0.009927804828760723
ISIC_5412438,0.005941811339670448
ISIC_5415096,0.023415645313852162
ISIC_5415765,0.010503558736325164
ISIC_5415822,0.006640600724187732
ISIC_5416029,0.023642728502995952
ISIC_5416338,0.0722848228658311
ISIC_5418007,0.003148152939857341
ISIC_5418351,0.004683565060183669
ISIC_5418992,0.0129722229409786
ISIC_5419254,0.009927804828760723
ISIC_5419426,0.008056864087086356
ISIC_5419657,0.008530478933806988
ISIC_5419668,0.008415931616036676
ISIC_5420567,0.008056864087086356
ISIC_5421552,0.012328910648590203
ISIC_5421651,0.01689884214140311
ISIC_5422333,0.023642728502995952
ISIC_5422892,0.004683565060183669
ISIC_5423251,0.04350308921491678
ISIC_5423554,0.018613614520153192
ISIC_5423741,0.0721550682608462
ISIC_5424954,0.03433809174678591
ISIC_5426249,0.03433809174678591
ISIC_5428000,0.0191434358070837
ISIC_5429359,0.00598938882998317
ISIC_5430817,0.008056864087086356
ISIC_5433526,0.008530478933806988
ISIC_5433808,0.008415931616036676
ISIC_5433830,0.018668244138113535
ISIC_5434740,0.008530478933806988
ISIC_5435156,0.015466518943151947
ISIC_5435958,0.005941811339670448
ISIC_5436258,0.018069681554864478
ISIC_5437632,0.019795822322538497
ISIC_5437769,0.012629440268433077
ISIC_5438598,0.008415931616036676
ISIC_5438774,0.02588051704591062
ISIC_5440349,0.0129722229409786
ISIC_5442471,0.0055009873008861196
ISIC_5443343,0.011700519164688231
ISIC_5443694,0.0035735790128110356
ISIC_5443967,0.00598938882998317
ISIC_5446126,0.048179677594638655
ISIC_5446229,0.0129722229409786
ISIC_5446305,0.0075476899945982594
ISIC_5447745,0.02276706569407167
ISIC_5448572,0.014127256148629088
ISIC_5453550,0.018668244138113535
ISIC_5453965,0.005941811339670448
ISIC_5454664,0.00842775661452177
ISIC_5456754,0.03433809174678591
ISIC_5456850,0.011707822656926081
ISIC_5458475,0.005941811339670448
ISIC_5462474,0.013768010652633004
ISIC_5464296,0.008056864087086356
ISIC_5466110,0.03433809174678591
ISIC_5467408,0.014915344873685754
ISIC_5467877,0.005941811339670448
ISIC_5470777,0.007772264078099276
ISIC_5470845,0.029982022158407822
ISIC_5471585,0.019791146041157958
ISIC_5472411,0.002920195951381101
ISIC_5472565,0.005941811339670448
ISIC_5473977,0.004683565060183669
ISIC_5475115,0.008013480210545959
ISIC_5475276,0.01689884214140311
ISIC_5476552,0.008415931616036676
ISIC_5477755,0.03433809174678591
ISIC_5478624,0.02588051704591062
ISIC_5483744,0.02124106680394157
ISIC_5483787,0.0038325340137393715
ISIC_5484280,0.00842775661452177
ISIC_5484843,0.008415931616036676
ISIC_5485368,0.015126664736954419
ISIC_5486638,0.014630199843023608
ISIC_5486811,0.008530478933806988
ISIC_5488695,0.022212847455476865
ISIC_5488923,0.03831651051357626
ISIC_5490573,0.03398822797002655
ISIC_5490874,0.008056864087086356
ISIC_5492585,0.03019259795930689
ISIC_5495612,0.012629440268433077
ISIC_5496072,0.023415645313852162
ISIC_5496889,0.0191434358070837
ISIC_5497040,0.015126664736954419
ISIC_5497586,0.012131003805092005
ISIC_5499841,0.004771489988483082
ISIC_5500783,0.008056864087086356
ISIC_5501466,0.023642728502995952
ISIC_5501813,0.00842775661452177
ISIC_5502735,0.009927804828760723
ISIC_5502759,0.012328910648590203
ISIC_5503017,0.0129722229409786
ISIC_5503450,0.002920195951381101
ISIC_5505130,0.014915344873685754
ISIC_5505677,0.08200855474900032
ISIC_5506906,0.004683565060183669
ISIC_5507809,0.04350308921491678
ISIC_5507883,0.018613614520153192
ISIC_5508489,0.007772264078099276
ISIC_5511356,0.019795822322538497
ISIC_5512195,0.012131003805092005
ISIC_5515689,0.014630199843023608
ISIC_5515761,0.004771489988483082
ISIC_5516080,0.00842775661452177
ISIC_5516645,0.009952575752890295
ISIC_5518908,0.008415931616036676
ISIC_5519109,0.008056864087086356
ISIC_5519153,0.004807738528552053
ISIC_5520837,0.005941811339670448
ISIC_5520987,0.019795822322538497
ISIC_5527106,0.008415931616036676
ISIC_5530515,0.004683565060183669
ISIC_5531040,0.008415931616036676
ISIC_5531729,0.009927804828760723
ISIC_5533324,0.011707822656926081
ISIC_5533685,0.014630199843023608
ISIC_5533724,0.005941811339670448
ISIC_5533867,0.008056864087086356
ISIC_5535061,0.0055009873008861196
ISIC_5535308,0.004683565060183669
ISIC_5537005,0.005941811339670448
ISIC_5537240,0.0055009873008861196
ISIC_5538282,0.007772264078099276
ISIC_5539423,0.01740123568596671
ISIC_5539445,0.014127256148629088
ISIC_5539665,0.012629440268433077
ISIC_5539687,0.019795822322538497
ISIC_5540092,0.015126664736954419
ISIC_5540215,0.019795822322538497
ISIC_5540918,0.008056864087086356
ISIC_5540957,0.00842775661452177
ISIC_5541162,0.023642728502995952
ISIC_5541445,0.009118787825793676
ISIC_5541526,0.004683565060183669
ISIC_5541720,0.015126664736954419
ISIC_5541830,0.004771489988483082
ISIC_5541989,0.0129722229409786
ISIC_5542248,0.009444458819572022
ISIC_5543382,0.06735962201019373
ISIC_5543962,0.005941811339670448
ISIC_5544312,0.02276706569407167
ISIC_5545935,0.01728583852632074
ISIC_5547173,0.018613614520153192
ISIC_5548310,0.004683565060183669
ISIC_5549462,0.00987847536678138
ISIC_5550366,0.008415931616036676
ISIC_5554930,0.014127256148629088
ISIC_5555122,0.005350620887011314
ISIC_5555418,0.0191434358070837
ISIC_5556037,0.012131003805092005
ISIC_5559277,0.008415931616036676
ISIC_5559494,0.0029382760772001847
ISIC_5559931,0.015466518943151947
ISIC_5560509,0.012629440268433077
ISIC_5560779,0.03019259795930689
ISIC_5561701,0.00842775661452177
ISIC_5563510,0.0055009873008861196
ISIC_5564149,0.008056864087086356
ISIC_5564375,0.0129722229409786
ISIC_5564959,0.002920195951381101
ISIC_5565342,0.0129722229409786
ISIC_5565758,0.03203972185253144
ISIC_5565859,0.002920195951381101
ISIC_5565917,0.0722848228658311
ISIC_5566502,0.00906790235263338
ISIC_5567033,0.002920195951381101
ISIC_5567187,0.004683565060183669
ISIC_5567865,0.00842775661452177
ISIC_5568321,0.0029382760772001847
ISIC_5568735,0.008056864087086356
ISIC_5569800,0.00598938882998317
ISIC_5571037,0.008056864087086356
ISIC_5571443,0.0055009873008861196
ISIC_5572106,0.008530478933806988
ISIC_5572984,0.023642728502995952
ISIC_5573288,0.01740123568596671
ISIC_5574898,0.009927804828760723
ISIC_5575241,0.02124106680394157
ISIC_5576230,0.031127334649255597
ISIC_5576295,0.005350620887011314
ISIC_5576438,0.007772264078099276
ISIC_5576756,0.0075476899945982594
ISIC_5576762,0.004683565060183669
ISIC_5577319,0.02588051704591062
ISIC_5578839,0.014630199843023608
ISIC_5580945,0.015466518943151947
ISIC_5581560,0.008056864087086356
ISIC_5582992,0.012131003805092005
ISIC_5583376,0.01740123568596671
ISIC_5583936,0.02276706569407167
ISIC_5585090,0.007772264078099276
ISIC_5586123,0.031312262271327655
ISIC_5587048,0.0129722229409786
ISIC_5587177,0.008530478933806988
ISIC_5587315,0.02588051704591062
ISIC_5588931,0.05849383163275574
ISIC_5590234,0.19300926764475035
ISIC_5590761,0.012131003805092005
ISIC_5591452,0.012328910648590203
ISIC_5592614,0.023642728502995952
ISIC_5592776,0.018668244138113535
ISIC_5593123,0.03433809174678591
ISIC_5594667,0.018069681554864478
ISIC_5597182,0.023642728502995952
ISIC_5597578,0.00842775661452177
ISIC_5598610,0.00598938882998317
ISIC_5599751,0.02588051704591062
ISIC_5600375,0.009927804828760723
ISIC_5600551,0.00906790235263338
ISIC_5600700,0.012131003805092005
ISIC_5602249,0.05849383163275574
ISIC_5602856,0.02588051704591062
ISIC_5603057,0.005941811339670448
ISIC_5605645,0.005941811339670448
ISIC_5606526,0.014127256148629088
ISIC_5606925,0.005350620887011314
ISIC_5607261,0.0027262355355465633
ISIC_5608269,0.008530478933806988
ISIC_5608711,0.005941811339670448
ISIC_5611182,0.01740123568596671
ISIC_5612963,0.014630199843023608
ISIC_5613408,0.004807738528552053
ISIC_5614321,0.008530478933806988
ISIC_5618182,0.005941811339670448
ISIC_5618649,0.012131003805092005
ISIC_5619213,0.04295322167036864
ISIC_5619486,0.03297419037321229
ISIC_5620287,0.012131003805092005
ISIC_5622428,0.014630199843023608
ISIC_5622725,0.023176330689934875
ISIC_5623119,0.03433809174678591
ISIC_5623874,0.014127256148629088
ISIC_5624387,0.009927804828760723
ISIC_5624407,0.019795822322538497
ISIC_5624772,0.01976165566860573
ISIC_5626138,0.0129722229409786
ISIC_5626995,0.012131003805092005
ISIC_5627557,0.005941811339670448
ISIC_5628761,0.014127256148629088
ISIC_5629414,0.005941811339670448
ISIC_5630715,0.004683565060183669
ISIC_5630766,0.004771489988483082
ISIC_5631254,0.03398822797002655
ISIC_5631587,0.007147158025622071
ISIC_5631948,0.007772264078099276
ISIC_5634577,0.0055009873008861196
ISIC_5635036,0.02588051704591062
ISIC_5635429,0.023176330689934875
ISIC_5635478,0.023642728502995952
ISIC_5636578,0.05461988606727832
ISIC_5637379,0.053025144868233696
ISIC_5637617,0.007772264078099276
ISIC_5638807,0.0013631177677732816
ISIC_5643279,0.010503558736325164
ISIC_5643748,0.03433809174678591
ISIC_5644005,0.00987847536678138
ISIC_5648436,0.00598938882998317
ISIC_5649453,0.023642728502995952
ISIC_5652425,0.014127256148629088
ISIC_5655022,0.013768010652633004
ISIC_5658587,0.04350308921491678
ISIC_5659637,0.19300926764475035
ISIC_5662562,0.008056864087086356
ISIC_5664024,0.005350620887011314
ISIC_5664060,0.015126664736954419
ISIC_5664143,0.012629440268433077
ISIC_5664695,0.012131003805092005
ISIC_5665733,0.004683565060183669
ISIC_5666134,0.02124106680394157
ISIC_5668654,0.003148152939857341
ISIC_5669245,0.0055009873008861196
ISIC_5670543,0.013452507403621503
ISIC_5670844,0.06560684379920026
ISIC_5671076,0.05461988606727832
ISIC_5672457,0.005941811339670448
ISIC_5673944,0.0029382760772001847
ISIC_5674930,0.012328910648590203
ISIC_5675151,0.015126664736954419
ISIC_5675309,0.008056864087086356
ISIC_5675376,0.011700519164688231
ISIC_5675664,0.008056864087086356
ISIC_5678565,0.0013631177677732816
ISIC_5678849,0.010503558736325164
ISIC_5679644,0.008056864087086356
ISIC_5679779,0.01740123568596671
ISIC_5679940,0.0721550682608462
ISIC_5680197,0.014630199843023608
ISIC_5681289,0.031312262271327655
ISIC_5681301,0.005185193077412091
ISIC_5681752,0.008415931616036676
ISIC_5682353,0.03398822797002655
ISIC_5682842,0.023642728502995952
ISIC_5683180,0.005941811339670448
ISIC_5687097,0.02588051704591062
ISIC_5688063,0.03203972185253144
ISIC_5688895,0.015126664736954419
ISIC_5689896,0.006640600724187732
ISIC_5690889,0.0055009873008861196
ISIC_5690955,0.00598938882998317
ISIC_5692444,0.009927804828760723
ISIC_5693635,0.023642728502995952
ISIC_5694968,0.05849383163275574
ISIC_5696174,0.008056864087086356
ISIC_5696877,0.009927804828760723
ISIC_5697382,0.015126664736954419
ISIC_5698553,0.009927804828760723
ISIC_5698863,0.057474765770364394
ISIC_5700242,0.004683565060183669
ISIC_5700419,0.001271369456480849
ISIC_5701862,0.014915344873685754
ISIC_5701922,0.010503558736325164
ISIC_5702257,0.00906790235263338
ISIC_5702422,0.0429848807511717
ISIC_5703063,0.03843927835789775
ISIC_5703542,0.012328910648590203
ISIC_5703633,0.012629440268433077
ISIC_5705356,0.015466518943151947
ISIC_5706387,0.015126664736954419
ISIC_5707071,0.014064874825764078
ISIC_5708272,0.012328910648590203
ISIC_5708420,0.02124106680394157
ISIC_5709287,0.03433809174678591
ISIC_5710199,0.008530478933806988
ISIC_5710876,0.002920195951381101
ISIC_5711802,0.0191434358070837
ISIC_5712569,0.007772264078099276
ISIC_5712915,0.012629440268433077
ISIC_5712969,0.031127334649255597
ISIC_5713011,0.0129722229409786
ISIC_5713093,0.012629440268433077
ISIC_5713173,0.0055009873008861196
ISIC_5714065,0.015126664736954419
ISIC_5714211,0.00842775661452177
ISIC_5714278,0.011700519164688231
ISIC_5714684,0.015126664736954419
ISIC_5714720,0.009927804828760723
ISIC_5714730,0.008530478933806988
ISIC_5714747,0.05057779387792067
ISIC_5714992,0.008415931616036676
ISIC_5718241,0.012131003805092005
ISIC_5718520,0.02588051704591062
ISIC_5718931,0.02588051704591062
ISIC_5719373,0.007772264078099276
ISIC_5719436,0.0013631177677732816
ISIC_5720944,0.0055009873008861196
ISIC_5721530,0.015126664736954419
ISIC_5721613,0.014630199843023608
ISIC_5723782,0.012328910648590203
ISIC_5725417,0.005941811339670448
ISIC_5725671,0.007835449297397983
ISIC_5729621,0.012629440268433077
ISIC_5730606,0.014630199843023608
ISIC_5731435,0.007777789616118136
ISIC_5731724,0.00842775661452177
ISIC_5733991,0.012174434661010843
ISIC_5734126,0.007772264078099276
ISIC_5735204,0.005350620887011314
ISIC_5735668,0.043601546446483334
ISIC_5736252,0.005350620887011314
ISIC_5736865,0.0055009873008861196
ISIC_5737211,0.012328910648590203
ISIC_5737322,0.004683565060183669
ISIC_5738160,0.011700519164688231
ISIC_5739375,0.023176330689934875
ISIC_5740353,0.012629440268433077
ISIC_5740954,0.018069681554864478
ISIC_5741024,0.008415931616036676
ISIC_5742807,0.013768010652633004
ISIC_5744097,0.0053968336111840124
ISIC_5745743,0.007772264078099276
ISIC_5745886,0.023642728502995952
ISIC_5746049,0.006640600724187732
ISIC_5747282,0.005350620887011314
ISIC_5747412,0.0055009873008861196
ISIC_5749591,0.0191434358070837
ISIC_5749893,0.015466518943151947
ISIC_5750800,0.00598938882998317
ISIC_5751001,0.009927804828760723
ISIC_5752353,0.008056864087086356
ISIC_5753616,0.009952575752890295
ISIC_5756801,0.015466518943151947
ISIC_5758834,0.03060723748225591
ISIC_5759520,0.023642728502995952
ISIC_5761233,0.00842775661452177
ISIC_5761512,0.08200855474900032
ISIC_5763418,0.008056864087086356
ISIC_5763460,0.012328910648590203
ISIC_5763939,0.011700519164688231
ISIC_5763997,0.019795822322538497
ISIC_5764132,0.0129722229409786
ISIC_5764228,0.005941811339670448
ISIC_5764234,0.02124106680394157
ISIC_5766302,0.004683565060183669
ISIC_5767868,0.03297419037321229
ISIC_5768029,0.003148152939857341
ISIC_5768273,0.09951294310887694
ISIC_5769117,0.023642728502995952
ISIC_5769412,0.03019259795930689
ISIC_5771890,0.013452507403621503
ISIC_5773751,0.010503558736325164
ISIC_5774209,0.008530478933806988
ISIC_5774467,0.012131003805092005
ISIC_5774484,0.014630199843023608
ISIC_5775178,0.018668244138113535
ISIC_5775179,0.007772264078099276
ISIC_5775317,0.005941811339670448
ISIC_5776649,0.023176330689934875
ISIC_5777319,0.005350620887011314
ISIC_5778001,0.008056864087086356
ISIC_5778547,0.023642728502995952
ISIC_5779037,0.011707822656926081
ISIC_5782456,0.005941811339670448
ISIC_5783324,0.005941811339670448
ISIC_5784177,0.03203972185253144
ISIC_5784853,0.00842775661452177
ISIC_5785239,0.0721550682608462
ISIC_5786713,0.001335580035090993
ISIC_5787155,0.012629440268433077
ISIC_5787158,0.005941811339670448
ISIC_5787501,0.005941811339670448
ISIC_5787648,0.009952575752890295
ISIC_5787712,0.010537040391233472
ISIC_5788972,0.00598938882998317
ISIC_5789959,0.03398822797002655
ISIC_5790192,0.015126664736954419
ISIC_5790931,0.00598938882998317
ISIC_5791555,0.03433809174678591
ISIC_5791810,0.011700519164688231
ISIC_5793340,0.012629440268433077
ISIC_5793721,0.03843927835789775
ISIC_5794323,0.0191434358070837
ISIC_5794395,0.005941811339670448
ISIC_5795173,0.014127256148629088
ISIC_5795436,0.03433809174678591
ISIC_5795668,0.019795822322538497
ISIC_5797446,0.01740123568596671
ISIC_5797747,0.0129722229409786
ISIC_5797949,0.00842775661452177
ISIC_5798657,0.03203972185253144
ISIC_5798789,0.013768010652633004
ISIC_5800043,0.015466518943151947
ISIC_5800220,0.02257937226692887
ISIC_5800224,0.004683565060183669
ISIC_5800765,0.004683565060183669
ISIC_5801108,0.019795822322538497
ISIC_5801193,0.005941811339670448
ISIC_5802864,0.01740123568596671
ISIC_5802893,0.008415931616036676
ISIC_5803045,0.018069681554864478
ISIC_5803768,0.009927804828760723
ISIC_5804623,0.008415931616036676
ISIC_5805753,0.03433809174678591
ISIC_5806291,0.02588051704591062
ISIC_5807012,0.012328910648590203
ISIC_5807899,0.018069681554864478
ISIC_5808864,0.018668244138113535
ISIC_5810057,0.014630199843023608
ISIC_5812618,0.023642728502995952
ISIC_5812629,0.014630199843023608
ISIC_5815193,0.02588051704591062
ISIC_5815276,0.0721550682608462
ISIC_5815409,0.005941811339670448
ISIC_5817062,0.023642728502995952
ISIC_5817573,0.029982022158407822
ISIC_5817984,0.012629440268433077
ISIC_5818519,0.0129722229409786
ISIC_5819533,0.012629440268433077
ISIC_5819597,0.02276706569407167
ISIC_5820225,0.0028434929779356626
ISIC_5820450,0.012131003805092005
ISIC_5820918,0.007772264078099276
ISIC_5821781,0.009952575752890295
ISIC_5822125,0.018069681554864478
ISIC_5822651,0.008415931616036676
ISIC_5823606,0.023642728502995952
ISIC_5823667,0.031312262271327655
ISIC_5827723,0.0055009873008861196
ISIC_5827759,0.00906790235263338
ISIC_5828210,0.0075476899945982594
ISIC_5828980,0.014127256148629088
ISIC_5829099,0.015466518943151947
ISIC_5830849,0.023642728502995952
ISIC_5831411,0.03433809174678591
ISIC_5832048,0.005941811339670448
ISIC_5832642,0.009927804828760723
ISIC_5832709,0.011707822656926081
ISIC_5835846,0.0028434929779356626
ISIC_5836132,0.0075476899945982594
ISIC_5842884,0.014915344873685754
ISIC_5844164,0.012328910648590203
ISIC_5844458,0.031312262271327655
ISIC_5844609,0.03019259795930689
ISIC_5845864,0.005941811339670448
ISIC_5847821,0.0075476899945982594
ISIC_5847839,0.0722848228658311
ISIC_5847979,0.012174434661010843
ISIC_5850513,0.012328910648590203
ISIC_5851846,0.03843927835789775
ISIC_5852300,0.02588051704591062
ISIC_5852478,0.02276706569407167
ISIC_5854410,0.008056864087086356
ISIC_5856636,0.0191434358070837
ISIC_5856841,0.00906790235263338
ISIC_5856952,0.009927804828760723
ISIC_5857128,0.048179677594638655
ISIC_5857931,0.004683565060183669
ISIC_5858452,0.008415931616036676
ISIC_5858575,0.005350620887011314
ISIC_5859817,0.002920195951381101
ISIC_5861567,0.00842775661452177
ISIC_5861837,0.03060723748225591
ISIC_5864666,0.02276706569407167
ISIC_5865496,0.014127256148629088
ISIC_5865753,0.018668244138113535
ISIC_5866313,0.02276706569407167
ISIC_5866452,0.0055009873008861196
ISIC_5867064,0.00598938882998317
ISIC_5867760,0.005350620887011314
ISIC_5869109,0.008415931616036676
ISIC_5869607,0.008530478933806988
ISIC_5871354,0.014127256148629088
ISIC_5872519,0.02298990630814576
ISIC_5872609,0.0075476899945982594
ISIC_5872962,0.001335580035090993
ISIC_5873723,0.01740123568596671
ISIC_5874097,0.0013631177677732816
ISIC_5875377,0.004683565060183669
ISIC_5875752,0.012131003805092005
ISIC_5876026,0.012131003805092005
ISIC_5876203,0.05849383163275574
ISIC_5876339,0.008056864087086356
ISIC_5876608,0.00598938882998317
ISIC_5877881,0.0129722229409786
ISIC_5878196,0.0191434358070837
ISIC_5879037,0.012020220315818937
ISIC_5879313,0.023642728502995952
ISIC_5882237,0.01322224234740083
ISIC_5883000,0.0055009873008861196
ISIC_5883562,0.008530478933806988
ISIC_5883709,0.01740123568596671
ISIC_5884699,0.02257937226692887
ISIC_5885225,0.004771489988483082
ISIC_5887793,0.007772264078099276
ISIC_5888756,0.0722848228658311
ISIC_5889171,0.008056864087086356
ISIC_5889229,0.0722848228658311
ISIC_5889500,0.008056864087086356
ISIC_5889822,0.01976165566860573
ISIC_5889981,0.029982022158407822
ISIC_5890128,0.07128086699269456
ISIC_5890372,0.015126664736954419
ISIC_5891752,0.02588051704591062
ISIC_5892469,0.0027262355355465633
ISIC_5893329,0.014630199843023608
ISIC_5894347,0.02276706569407167
ISIC_5896768,0.013452507403621503
ISIC_5897093,0.03843927835789775
ISIC_5898235,0.01689884214140311
ISIC_5898685,0.023642728502995952
ISIC_5900361,0.053025144868233696
ISIC_5900599,0.008530478933806988
ISIC_5901955,0.03398822797002655
ISIC_5901962,0.011700519164688231
ISIC_5902290,0.009444458819572022
ISIC_5902625,0.012131003805092005
ISIC_5904077,0.004683565060183669
ISIC_5904671,0.02257937226692887
ISIC_5904715,0.012131003805092005
ISIC_5906485,0.012629440268433077
ISIC_5907145,0.03297419037321229
ISIC_5908427,0.012131003805092005
ISIC_5909378,0.007772264078099276
ISIC_5909829,0.014630199843023608
ISIC_5909922,0.014127256148629088
ISIC_5910096,0.01740123568596671
ISIC_5910624,0.0075476899945982594
ISIC_5910903,0.0055009873008861196
ISIC_5911171,0.004683565060183669
ISIC_5913285,0.010577793877920665
ISIC_5914041,0.002920195951381101
ISIC_5915536,0.008056864087086356
ISIC_5915563,0.011700519164688231
ISIC_5915965,0.004771489988483082
ISIC_5916147,0.023642728502995952
ISIC_5916304,0.008056864087086356
ISIC_5916689,0.0129722229409786
ISIC_5916999,0.014630199843023608
ISIC_5917729,0.012131003805092005
ISIC_5917737,0.010280039406081437
ISIC_5919372,0.0129722229409786
ISIC_5920930,0.02257937226692887
ISIC_5921042,0.014127256148629088
ISIC_5921996,0.053025144868233696
ISIC_5922835,0.0129722229409786
ISIC_5923107,0.01976165566860573
ISIC_5924012,0.007772264078099276
ISIC_5925612,0.005350620887011314
ISIC_5926184,0.00906790235263338
ISIC_5926577,0.0029382760772001847
ISIC_5928225,0.010503558736325164
ISIC_5928882,0.008056864087086356
ISIC_5930869,0.012131003805092005
ISIC_5930965,0.014630199843023608
ISIC_5931154,0.015126664736954419
ISIC_5931285,0.005941811339670448
ISIC_5932219,0.004683565060183669
ISIC_5933157,0.01976165566860573
ISIC_5934718,0.007835449297397983
ISIC_5935067,0.013452507403621503
ISIC_5936480,0.01689884214140311
ISIC_5936603,0.03398822797002655
ISIC_5936614,0.005941811339670448
ISIC_5938088,0.02124106680394157
ISIC_5938720,0.004683565060183669
ISIC_5938978,0.014127256148629088
ISIC_5940742,0.023642728502995952
ISIC_5940904,0.02276706569407167
ISIC_5942063,0.012629440268433077
ISIC_5942663,0.012629440268433077
ISIC_5943046,0.023642728502995952
ISIC_5943063,0.0129722229409786
ISIC_5943122,0.00598938882998317
ISIC_5943909,0.008530478933806988
ISIC_5944001,0.0055009873008861196
ISIC_5944138,0.014127256148629088
ISIC_5944489,0.023642728502995952
ISIC_5944731,0.02588051704591062
ISIC_5945275,0.02257937226692887
ISIC_5946539,0.008415931616036676
ISIC_5948784,0.005350620887011314
ISIC_5949215,0.013768010652633004
ISIC_5949989,0.002920195951381101
ISIC_5950965,0.012131003805092005
ISIC_5951778,0.00906790235263338
ISIC_5952123,0.008056864087086356
ISIC_5952196,0.007772264078099276
ISIC_5952287,0.008530478933806988
ISIC_5953127,0.008415931616036676
ISIC_5954698,0.0721550682608462
ISIC_5955441,0.02588051704591062
ISIC_5955496,0.04350308921491678
ISIC_5955612,0.010503558736325164
ISIC_5956645,0.008056864087086356
ISIC_5956842,0.008415931616036676
ISIC_5956917,0.03433809174678591
ISIC_5957058,0.023642728502995952
ISIC_5959091,0.010537040391233472
ISIC_5960080,0.03060723748225591
ISIC_5960275,0.014127256148629088
ISIC_5960594,0.007772264078099276
ISIC_5961015,0.01740123568596671
ISIC_5962490,0.019795822322538497
ISIC_5962903,0.007772264078099276
ISIC_5963668,0.015126664736954419
ISIC_5966072,0.032818041260116185
ISIC_5966532,0.005350620887011314
ISIC_5966715,0.0013156460047165006
ISIC_5966973,0.0055009873008861196
ISIC_5968489,0.014127256148629088
ISIC_5968617,0.005941811339670448
ISIC_5968620,0.014064874825764078
ISIC_5969279,0.0055009873008861196
ISIC_5970528,0.004807738528552053
ISIC_5971127,0.02124106680394157
ISIC_5972532,0.004683565060183669
ISIC_5972858,0.015126664736954419
ISIC_5972909,0.003148152939857341
ISIC_5973949,0.023642728502995952
ISIC_5974832,0.023642728502995952
ISIC_5975337,0.014915344873685754
ISIC_5975347,0.011707822656926081
ISIC_5976171,0.005941811339670448
ISIC_5977193,0.006640600724187732
ISIC_5977573,0.005941811339670448
ISIC_5978407,0.04295322167036864
ISIC_5978547,0.011700519164688231
ISIC_5978769,0.023176330689934875
ISIC_5980313,0.005941811339670448
ISIC_5980491,0.053025144868233696
ISIC_5981219,0.0722848228658311
ISIC_5981857,0.007772264078099276
ISIC_5984819,0.031312262271327655
ISIC_5984924,0.007772264078099276
ISIC_5986967,0.008415931616036676
ISIC_5987104,0.004683565060183669
ISIC_5987173,0.005941811339670448
ISIC_5987848,0.0053968336111840124
ISIC_5988027,0.023642728502995952
ISIC_5989803,0.014915344873685754
ISIC_5993177,0.008530478933806988
ISIC_5994923,0.014630199843023608
ISIC_5995007,0.005350620887011314
ISIC_5995725,0.005941811339670448
ISIC_5996158,0.053025144868233696
ISIC_5997439,0.012131003805092005
ISIC_5997599,0.013768010652633004
ISIC_5998319,0.00598938882998317
ISIC_5998336,0.015466518943151947
ISIC_5998628,0.009927804828760723
ISIC_5999402,0.03843927835789775
ISIC_6000877,0.002920195951381101
ISIC_6000990,0.014127256148629088
ISIC_6001221,0.02276706569407167
ISIC_6002003,0.011700519164688231
ISIC_6003295,0.013452507403621503
ISIC_6003435,0.008530478933806988
ISIC_6004321,0.002920195951381101
ISIC_6004483,0.015466518943151947
ISIC_6006218,0.008530478933806988
ISIC_6006834,0.05849383163275574
ISIC_6007856,0.002920195951381101
ISIC_6007897,0.014630199843023608
ISIC_6009394,0.04350308921491678
ISIC_6009646,0.008056864087086356
ISIC_6009651,0.00598938882998317
ISIC_6010003,0.008056864087086356
ISIC_6014597,0.008530478933806988
ISIC_6014626,0.01689884214140311
ISIC_6016074,0.0028434929779356626
ISIC_6016463,0.012131003805092005
ISIC_6017003,0.015466518943151947
ISIC_6018150,0.009952575752890295
ISIC_6018671,0.03843927835789775
ISIC_6019530,0.008056864087086356
ISIC_6020323,0.015126664736954419
ISIC_6021082,0.08200855474900032
ISIC_6022836,0.008415931616036676
ISIC_6022948,0.015466518943151947
ISIC_6024316,0.0129722229409786
ISIC_6024601,0.005941811339670448
ISIC_6024613,0.011707822656926081
ISIC_6024685,0.014915344873685754
ISIC_6026720,0.029982022158407822
ISIC_6026959,0.00598938882998317
ISIC_6026965,0.02257937226692887
ISIC_6027473,0.015126664736954419
ISIC_6027577,0.012629440268433077
ISIC_6028189,0.0013631177677732816
ISIC_6028985,0.024793036214666993
ISIC_6031295,0.008530478933806988
ISIC_6033442,0.0038325340137393715
ISIC_6033769,0.00842775661452177
ISIC_6035240,0.012629440268433077
ISIC_6036423,0.0038325340137393715
ISIC_6039301,0.0055009873008861196
ISIC_6039329,0.014915344873685754
ISIC_6039531,0.03019259795930689
ISIC_6040548,0.03203972185253144
ISIC_6043317,0.010537040391233472
ISIC_6043529,0.019791146041157958
ISIC_6043875,0.023642728502995952
ISIC_6043934,0.019795822322538497
ISIC_6044590,0.012131003805092005
ISIC_6048977,0.03433809174678591
ISIC_6048978,0.008056864087086356
ISIC_6051029,0.0013631177677732816
ISIC_6051050,0.01728583852632074
ISIC_6051613,0.008530478933806988
ISIC_6051885,0.00906790235263338
ISIC_6052137,0.014127256148629088
ISIC_6053201,0.012328910648590203
ISIC_6053337,0.014127256148629088
ISIC_6055913,0.023642728502995952
ISIC_6056557,0.011700519164688231
ISIC_6056861,0.0721550682608462
ISIC_6057427,0.012629440268433077
ISIC_6058305,0.012131003805092005
ISIC_6059520,0.013768010652633004
ISIC_6059889,0.018069681554864478
ISIC_6060065,0.029982022158407822
ISIC_6060411,0.008056864087086356
ISIC_6060792,0.014630199843023608
ISIC_6061137,0.0129722229409786
ISIC_6062422,0.013452507403621503
ISIC_6062739,0.00598938882998317
ISIC_6063008,0.02588051704591062
ISIC_6064159,0.012629440268433077
ISIC_6065004,0.013768010652633004
ISIC_6066866,0.008415931616036676
ISIC_6067708,0.03060723748225591
ISIC_6068444,0.01689884214140311
ISIC_6069208,0.008056864087086356
ISIC_6070288,0.005350620887011314
ISIC_6070537,0.00842775661452177
ISIC_6071805,0.008056864087086356
ISIC_6072134,0.00598938882998317
ISIC_6072532,0.018613614520153192
ISIC_6073734,0.012131003805092005
ISIC_6074397,0.005941811339670448
ISIC_6081327,0.019795822322538497
ISIC_6081653,0.019791146041157958
ISIC_6082446,0.006640600724187732
ISIC_6082685,0.019795822322538497
ISIC_6084477,0.014127256148629088
ISIC_6084895,0.005350620887011314
ISIC_6085649,0.005941811339670448
ISIC_6087077,0.004683565060183669
ISIC_6089993,0.05268520195616736
ISIC_6092058,0.01740123568596671
ISIC_6093357,0.06560684379920026
ISIC_6093500,0.02588051704591062
ISIC_6093649,0.02257937226692887
ISIC_6094116,0.011700519164688231
ISIC_6096490,0.018069681554864478
ISIC_6096565,0.08200855474900032
ISIC_6097209,0.011700519164688231
ISIC_6097857,0.008056864087086356
ISIC_6098830,0.012629440268433077
ISIC_6101337,0.014630199843023608
ISIC_6102229,0.019795822322538497
ISIC_6102805,0.003148152939857341
ISIC_6102938,0.011700519164688231
ISIC_6103380,0.02257937226692887
ISIC_6105717,0.009952575752890295
ISIC_6107317,0.014127256148629088
ISIC_6111250,0.02257937226692887
ISIC_6113741,0.00598938882998317
ISIC_6115225,0.005941811339670448
ISIC_6115711,0.03398822797002655
ISIC_6118637,0.005941811339670448
ISIC_6118712,0.013768010652633004
ISIC_6118768,0.012174434661010843
ISIC_6119291,0.0075476899945982594
ISIC_6120143,0.012328910648590203
ISIC_6120158,0.012131003805092005
ISIC_6120545,0.012629440268433077
ISIC_6121082,0.018069681554864478
ISIC_6122007,0.015126664736954419
ISIC_6122407,0.005350620887011314
ISIC_6122897,0.0722848228658311
ISIC_6122906,0.013768010652633004
ISIC_6125633,0.012629440268433077
ISIC_6128464,0.02124106680394157
ISIC_6129073,0.009952575752890295
ISIC_6129280,0.0055009873008861196
ISIC_6130016,0.01689884214140311
ISIC_6131888,0.008415931616036676
ISIC_6132443,0.007772264078099276
ISIC_6132521,0.015466518943151947
ISIC_6133252,0.00842775661452177
ISIC_6133278,0.008530478933806988
ISIC_6133571,0.018613614520153192
ISIC_6135759,0.012131003805092005
ISIC_6136227,0.013768010652633004
ISIC_6136714,0.012131003805092005
ISIC_6137841,0.005941811339670448
ISIC_6138923,0.012328910648590203
ISIC_6139839,0.008056864087086356
ISIC_6140475,0.0722848228658311
ISIC_6140637,0.008415931616036676
ISIC_6141023,0.013768010652633004
ISIC_6143045,0.012131003805092005
ISIC_6144806,0.007772264078099276
ISIC_6147174,0.008415931616036676
ISIC_6147889,0.006640600724187732
ISIC_6148454,0.0055009873008861196
ISIC_6148710,0.005941811339670448
ISIC_6149394,0.023642728502995952
ISIC_6149823,0.012131003805092005
ISIC_6149990,0.008056864087086356
ISIC_6150597,0.018613614520153192
ISIC_6151236,0.0129722229409786
ISIC_6153793,0.004771489988483082
ISIC_6153943,0.0029382760772001847
ISIC_6154102,0.03433809174678591
ISIC_6156918,0.0055009873008861196
ISIC_6157009,0.019795822322538497
ISIC_6159592,0.014630199843023608
ISIC_6159600,0.03843927835789775
ISIC_6164205,0.00598938882998317
ISIC_6164865,0.0129722229409786
ISIC_6165518,0.0075476899945982594
ISIC_6165920,0.00906790235263338
ISIC_6166514,0.005941811339670448
ISIC_6168190,0.012629440268433077
ISIC_6169239,0.012020220315818937
ISIC_6170663,0.009952575752890295
ISIC_6171146,0.03433809174678591
ISIC_6171201,0.029982022158407822
ISIC_6174589,0.012629440268433077
ISIC_6174690,0.008415931616036676
ISIC_6174724,0.018613614520153192
ISIC_6175325,0.0075476899945982594
ISIC_6175914,0.03843927835789775
ISIC_6177015,0.023642728502995952
ISIC_6179117,0.00598938882998317
ISIC_6180307,0.007147158025622071
ISIC_6180603,0.0075476899945982594
ISIC_6181315,0.007772264078099276
ISIC_6182346,0.019795822322538497
ISIC_6182913,0.010577793877920665
ISIC_6183500,0.005350620887011314
ISIC_6184049,0.008056864087086356
ISIC_6184616,0.03433809174678591
ISIC_6184815,0.014630199843023608
ISIC_6185319,0.004683565060183669
ISIC_6185606,0.007147158025622071
ISIC_6185801,0.02124106680394157
ISIC_6185993,0.02588051704591062
ISIC_6186432,0.014127256148629088
ISIC_6187989,0.008056864087086356
ISIC_6188565,0.005941811339670448
ISIC_6190621,0.018613614520153192
ISIC_6192019,0.001335580035090993
ISIC_6192132,0.008415931616036676
ISIC_6192205,0.005941811339670448
ISIC_6192610,0.043601546446483334
ISIC_6193215,0.0075476899945982594
ISIC_6193472,0.013768010652633004
ISIC_6195166,0.001271369456480849
ISIC_6195208,0.018613614520153192
ISIC_6195527,0.01689884214140311
ISIC_6196721,0.02588051704591062
ISIC_6197041,0.005941811339670448
ISIC_6197896,0.00906790235263338
ISIC_6198726,0.007835449297397983
ISIC_6199751,0.02257937226692887
ISIC_6199822,0.012629440268433077
ISIC_6203224,0.02588051704591062
ISIC_6203295,0.011707822656926081
ISIC_6204442,0.0055009873008861196
ISIC_6204751,0.00906790235263338
ISIC_6205965,0.005941811339670448
ISIC_6206039,0.008056864087086356
ISIC_6206241,0.03433809174678591
ISIC_6208151,0.02588051704591062
ISIC_6208686,0.023642728502995952
ISIC_6209205,0.008415931616036676
ISIC_6209829,0.01728583852632074
ISIC_6209867,0.00906790235263338
ISIC_6211482,0.023642728502995952
ISIC_6211950,0.012328910648590203
ISIC_6212937,0.004683565060183669
ISIC_6214753,0.02588051704591062
ISIC_6216300,0.011700519164688231
ISIC_6218246,0.001271369456480849
ISIC_6218648,0.02588051704591062
ISIC_6220493,0.004807738528552053
ISIC_6220733,0.023642728502995952
ISIC_6222213,0.03297419037321229
ISIC_6223199,0.011700519164688231
ISIC_6223760,0.04350308921491678
ISIC_6227605,0.001271369456480849
ISIC_6228369,0.005941811339670448
ISIC_6229317,0.02257937226692887
ISIC_6230135,0.0055009873008861196
ISIC_6230241,0.00842775661452177
ISIC_6233534,0.023642728502995952
ISIC_6233969,0.014064874825764078
ISIC_6235516,0.002920195951381101
ISIC_6237387,0.005941811339670448
ISIC_6240439,0.015466518943151947
ISIC_6240886,0.014630199843023608
ISIC_6241476,0.009927804828760723
ISIC_6242834,0.008530478933806988
ISIC_6244226,0.007835449297397983
ISIC_6244894,0.007835449297397983
ISIC_6246998,0.014127256148629088
ISIC_6248112,0.00598938882998317
ISIC_6248175,0.018069681554864478
ISIC_6248504,0.015126664736954419
ISIC_6248677,0.0075476899945982594
ISIC_6249404,0.008415931616036676
ISIC_6249626,0.005350620887011314
ISIC_6250185,0.002920195951381101
ISIC_6251679,0.019795822322538497
ISIC_6251700,0.0055009873008861196
ISIC_6252644,0.009927804828760723
ISIC_6256102,0.00598938882998317
ISIC_6256887,0.005941811339670448
ISIC_6257335,0.03433809174678591
ISIC_6259477,0.018668244138113535
ISIC_6259642,0.0055009873008861196
ISIC_6259682,0.012131003805092005
ISIC_6260052,0.014630199843023608
ISIC_6261086,0.05461988606727832
ISIC_6262744,0.001271369456480849
ISIC_6263151,0.009927804828760723
ISIC_6264872,0.012131003805092005
ISIC_6270723,0.007772264078099276
ISIC_6272060,0.008056864087086356
ISIC_6272071,0.005350620887011314
ISIC_6272206,0.03843927835789775
ISIC_6272978,0.02257937226692887
ISIC_6273296,0.015466518943151947
ISIC_6274125,0.022212847455476865
ISIC_6275427,0.005350620887011314
ISIC_6275700,0.011018535289500692
ISIC_6276358,0.07419192833972765
ISIC_6276543,0.012131003805092005
ISIC_6278817,0.02124106680394157
ISIC_6279071,0.004771489988483082
ISIC_6282538,0.012131003805092005
ISIC_6285105,0.009927804828760723
ISIC_6285747,0.001271369456480849
ISIC_6287859,0.014630199843023608
ISIC_6288405,0.015126664736954419
ISIC_6288517,0.022212847455476865
ISIC_6288943,0.03019259795930689
ISIC_6289904,0.015126664736954419
ISIC_6290102,0.008530478933806988
ISIC_6290714,0.008056864087086356
ISIC_6293576,0.0129722229409786
ISIC_6295178,0.015466518943151947
ISIC_6295508,0.03433809174678591
ISIC_6295805,0.008415931616036676
ISIC_6296647,0.01740123568596671
ISIC_6296693,0.029982022158407822
ISIC_6298947,0.004683565060183669
ISIC_6299694,0.00826390146712552
ISIC_6300864,0.012131003805092005
ISIC_6300866,0.005941811339670448
ISIC_6301497,0.010503558736325164
ISIC_6302625,0.004683565060183669
ISIC_6302745,0.012629440268433077
ISIC_6303970,0.015126664736954419
ISIC_6304691,0.011707822656926081
ISIC_6304786,0.01652780293425104
ISIC_6304831,0.012131003805092005
ISIC_6306932,0.008056864087086356
ISIC_6307097,0.0075476899945982594
ISIC_6307284,0.012629440268433077
ISIC_6312849,0.007772264078099276
ISIC_6315713,0.02588051704591062
ISIC_6315939,0.011700519164688231
ISIC_6316211,0.009952575752890295
ISIC_6316620,0.019795822322538497
ISIC_6319908,0.03433809174678591
ISIC_6321296,0.00842775661452177
ISIC_6321634,0.0035735790128110356
ISIC_6321957,0.053025144868233696
ISIC_6322638,0.005350620887011314
ISIC_6323297,0.014915344873685754
ISIC_6324134,0.012629440268433077
ISIC_6324738,0.014630199843023608
ISIC_6326045,0.010577793877920665
ISIC_6326347,0.014630199843023608
ISIC_6326439,0.010503558736325164
ISIC_6327696,0.005350620887011314
ISIC_6329141,0.04222222620740611
ISIC_6329267,0.0055009873008861196
ISIC_6330302,0.012629440268433077
ISIC_6330336,0.002920195951381101
ISIC_6330632,0.008056864087086356
ISIC_6331354,0.03433809174678591
ISIC_6331876,0.012131003805092005
ISIC_6332071,0.008056864087086356
ISIC_6332124,0.0055009873008861196
ISIC_6332480,0.00987847536678138
ISIC_6332746,0.014915344873685754
ISIC_6333868,0.008056864087086356
ISIC_6334062,0.013452507403621503
ISIC_6334718,0.012629440268433077
ISIC_6335018,0.008056864087086356
ISIC_6335096,0.03398822797002655
ISIC_6335117,0.015126664736954419
ISIC_6336463,0.03060723748225591
ISIC_6336553,0.0721550682608462
ISIC_6336842,0.03433809174678591
ISIC_6337221,0.06560684379920026
ISIC_6337591,0.008415931616036676
ISIC_6337981,0.0129722229409786
ISIC_6338356,0.001335580035090993
ISIC_6338868,0.03203972185253144
ISIC_6340020,0.001335580035090993
ISIC_6340119,0.012629440268433077
ISIC_6340846,0.004683565060183669
ISIC_6341036,0.007772264078099276
ISIC_6341261,0.022212847455476865
ISIC_6342768,0.008056864087086356
ISIC_6345695,0.008056864087086356
ISIC_6347478,0.008056864087086356
ISIC_6348542,0.0129722229409786
ISIC_6349053,0.0722848228658311
ISIC_6350227,0.001271369456480849
ISIC_6350420,0.009118787825793676
ISIC_6350718,0.048179677594638655
ISIC_6352707,0.008056864087086356
ISIC_6353090,0.011707822656926081
ISIC_6353402,0.008415931616036676
ISIC_6354770,0.0075476899945982594
ISIC_6354781,0.02276706569407167
ISIC_6355799,0.05057779387792067
ISIC_6355985,0.053025144868233696
ISIC_6357239,0.04350308921491678
ISIC_6357772,0.02257937226692887
ISIC_6358503,0.005941811339670448
ISIC_6359785,0.012629440268433077
ISIC_6360613,0.19300926764475035
ISIC_6361655,0.015466518943151947
ISIC_6362191,0.0055009873008861196
ISIC_6362598,0.02588051704591062
ISIC_6363091,0.010503558736325164
ISIC_6363298,0.0055009873008861196
ISIC_6364521,0.009952575752890295
ISIC_6364739,0.02588051704591062
ISIC_6365507,0.022212847455476865
ISIC_6366847,0.023642728502995952
ISIC_6371918,0.019795822322538497
ISIC_6371939,0.012131003805092005
ISIC_6372732,0.012131003805092005
ISIC_6373662,0.012131003805092005
ISIC_6376631,0.03843927835789775
ISIC_6377740,0.01689884214140311
ISIC_6381819,0.001271369456480849
ISIC_6382827,0.015466518943151947
ISIC_6383313,0.018613614520153192
ISIC_6384242,0.015126664736954419
ISIC_6384675,0.03433809174678591
ISIC_6385118,0.02276706569407167
ISIC_6385839,0.014630199843023608
ISIC_6387900,0.012629440268433077
ISIC_6388741,0.00598938882998317
ISIC_6388895,0.00906790235263338
ISIC_6389588,0.0129722229409786
ISIC_6390348,0.002920195951381101
ISIC_6390419,0.012328910648590203
ISIC_6391904,0.03019259795930689
ISIC_6394052,0.008530478933806988
ISIC_6395140,0.008415931616036676
ISIC_6395203,0.012174434661010843
ISIC_6396303,0.005350620887011314
ISIC_6397215,0.0055009873008861196
ISIC_6397471,0.001335580035090993
ISIC_6400427,0.012629440268433077
ISIC_6400460,0.001271369456480849
ISIC_6401781,0.0028434929779356626
ISIC_6402177,0.023642728502995952
ISIC_6403608,0.015126664736954419
ISIC_6404736,0.005941811339670448
ISIC_6405418,0.023642728502995952
ISIC_6406374,0.018613614520153192
ISIC_6407209,0.023642728502995952
ISIC_6408546,0.011707822656926081
ISIC_6409218,0.03612699562708619
ISIC_6410742,0.005941811339670448
ISIC_6410833,0.014127256148629088
ISIC_6413760,0.012328910648590203
ISIC_6416091,0.009952575752890295
ISIC_6417661,0.00842775661452177
ISIC_6417770,0.004683565060183669
ISIC_6418859,0.013768010652633004
ISIC_6419289,0.007772264078099276
ISIC_6420072,0.00906790235263338
ISIC_6420618,0.03433809174678591
ISIC_6420980,0.014630199843023608
ISIC_6420986,0.014630199843023608
ISIC_6422928,0.0129722229409786
ISIC_6423812,0.004683565060183669
ISIC_6425502,0.01728583852632074
ISIC_6425676,0.012328910648590203
ISIC_6426773,0.005350620887011314
ISIC_6426806,0.0075476899945982594
ISIC_6428265,0.005941811339670448
ISIC_6429806,0.008056864087086356
ISIC_6431718,0.032818041260116185
ISIC_6432215,0.008530478933806988
ISIC_6432615,0.004722229409786011
ISIC_6432856,0.012328910648590203
ISIC_6433032,0.008056864087086356
ISIC_6434719,0.015126664736954419
ISIC_6435558,0.009952575752890295
ISIC_6435735,0.023642728502995952
ISIC_6436323,0.023642728502995952
ISIC_6437720,0.019791146041157958
ISIC_6437816,0.0055009873008861196
ISIC_6438426,0.005941811339670448
ISIC_6438534,0.01740123568596671
ISIC_6440128,0.0722848228658311
ISIC_6440823,0.0721550682608462
ISIC_6441206,0.004771489988483082
ISIC_6441462,0.012131003805092005
ISIC_6441653,0.0129722229409786
ISIC_6441975,0.008056864087086356
ISIC_6442196,0.010280039406081437
ISIC_6442624,0.012131003805092005
ISIC_6443244,0.008530478933806988
ISIC_6443328,0.004771489988483082
ISIC_6444587,0.008530478933806988
ISIC_6444637,0.0075476899945982594
ISIC_6445869,0.015466518943151947
ISIC_6447002,0.023642728502995952
ISIC_6447876,0.012131003805092005
ISIC_6450938,0.03203972185253144
ISIC_6451105,0.008415931616036676
ISIC_6452363,0.031312262271327655
ISIC_6452610,0.0055009873008861196
ISIC_6453432,0.03843927835789775
ISIC_6453867,0.004683565060183669
ISIC_6454666,0.012328910648590203
ISIC_6454808,0.005941811339670448
ISIC_6454901,0.012629440268433077
ISIC_6455252,0.008415931616036676
ISIC_6455851,0.005941811339670448
ISIC_6455935,0.012131003805092005
ISIC_6456359,0.02588051704591062
ISIC_6456904,0.0129722229409786
ISIC_6456968,0.005941811339670448
ISIC_6457041,0.014630199843023608
ISIC_6457527,0.03060723748225591
ISIC_6458793,0.005288896938960333
ISIC_6464935,0.015126664736954419
ISIC_6464963,0.02588051704591062
ISIC_6465484,0.006640600724187732
ISIC_6465527,0.04710108907479712
ISIC_6465712,0.012629440268433077
ISIC_6465748,0.005941811339670448
ISIC_6465896,0.008415931616036676
ISIC_6465955,0.014630199843023608
ISIC_6466968,0.009118787825793676
ISIC_6467041,0.008056864087086356
ISIC_6467817,0.009927804828760723
ISIC_6470007,0.014915344873685754
ISIC_6470503,0.007835449297397983
ISIC_6470574,0.009444458819572022
ISIC_6471549,0.014630199843023608
ISIC_6471822,0.008530478933806988
ISIC_6473038,0.02588051704591062
ISIC_6473784,0.019795822322538497
ISIC_6474260,0.009927804828760723
ISIC_6474483,0.002920195951381101
ISIC_6476591,0.004683565060183669
ISIC_6477494,0.012131003805092005
ISIC_6477955,0.005350620887011314
ISIC_6477960,0.07128086699269456
ISIC_6478369,0.001271369456480849
ISIC_6480404,0.011700519164688231
ISIC_6482254,0.008415931616036676
ISIC_6482346,0.03203972185253144
ISIC_6482373,0.0429848807511717
ISIC_6483735,0.037189554322000495
ISIC_6483925,0.03398822797002655
ISIC_6484204,0.02257937226692887
ISIC_6485104,0.023642728502995952
ISIC_6485174,0.019795822322538497
ISIC_6485524,0.014127256148629088
ISIC_6487515,0.015466518943151947
ISIC_6489270,0.018613614520153192
ISIC_6489436,0.010577793877920665
ISIC_6492133,0.012131003805092005
ISIC_6493546,0.014127256148629088
ISIC_6494249,0.005941811339670448
ISIC_6494718,0.023642728502995952
ISIC_6496183,0.010537040391233472
ISIC_6496831,0.02588051704591062
ISIC_6497362,0.0053968336111840124
ISIC_6499111,0.012328910648590203
ISIC_6499677,0.00906790235263338
ISIC_6500076,0.010503558736325164
ISIC_6501044,0.00906790235263338
ISIC_6501156,0.057474765770364394
ISIC_6501761,0.19300926764475035
ISIC_6503142,0.015126664736954419
ISIC_6503955,0.01689884214140311
ISIC_6504056,0.014127256148629088
ISIC_6504083,0.014630199843023608
ISIC_6504643,0.031312262271327655
ISIC_6504764,0.007772264078099276
ISIC_6505572,0.012131003805092005
ISIC_6507238,0.01976165566860573
ISIC_6508409,0.004683565060183669
ISIC_6509669,0.031312262271327655
ISIC_6510708,0.0013156460047165006
ISIC_6510730,0.015126664736954419
ISIC_6510897,0.02276706569407167
ISIC_6510933,0.031127334649255597
ISIC_6512437,0.007772264078099276
ISIC_6512953,0.014630199843023608
ISIC_6513708,0.015126664736954419
ISIC_6514347,0.019791146041157958
ISIC_6516058,0.03433809174678591
ISIC_6516973,0.014630199843023608
ISIC_6517556,0.004683565060183669
ISIC_6518088,0.012629440268433077
ISIC_6519116,0.014630199843023608
ISIC_6519195,0.0191434358070837
ISIC_6519327,0.012629440268433077
ISIC_6519660,0.004807738528552053
ISIC_6521534,0.002920195951381101
ISIC_6522232,0.03433809174678591
ISIC_6523416,0.010503558736325164
ISIC_6524335,0.005876552154400369
ISIC_6524570,0.012629440268433077
ISIC_6526343,0.04515874453385774
ISIC_6526888,0.005350620887011314
ISIC_6528764,0.018613614520153192
ISIC_6529228,0.015126664736954419
ISIC_6530984,0.008415931616036676
ISIC_6531810,0.03203972185253144
ISIC_6533587,0.0129722229409786
ISIC_6535708,0.012174434661010843
ISIC_6538399,0.02257937226692887
ISIC_6538442,0.01728583852632074
ISIC_6538506,0.005350620887011314
ISIC_6538759,0.0129722229409786
ISIC_6539905,0.015126664736954419
ISIC_6540771,0.008056864087086356
ISIC_6541434,0.00842775661452177
ISIC_6541483,0.014630199843023608
ISIC_6541945,0.02124106680394157
ISIC_6542061,0.012629440268433077
ISIC_6542771,0.011707822656926081
ISIC_6544818,0.0055009873008861196
ISIC_6545535,0.023642728502995952
ISIC_6545625,0.014630199843023608
ISIC_6545813,0.0055009873008861196
ISIC_6546383,0.02124106680394157
ISIC_6547843,0.03843927835789775
ISIC_6549364,0.014915344873685754
ISIC_6549522,0.012629440268433077
ISIC_6550440,0.010537040391233472
ISIC_6551637,0.01740123568596671
ISIC_6552153,0.023642728502995952
ISIC_6553029,0.015126664736954419
ISIC_6553150,0.02588051704591062
ISIC_6553836,0.0429848807511717
ISIC_6554420,0.012131003805092005
ISIC_6555901,0.0075476899945982594
ISIC_6556202,0.05849383163275574
ISIC_6556590,0.005350620887011314
ISIC_6558015,0.01689884214140311
ISIC_6560711,0.010280039406081437
ISIC_6561134,0.01689884214140311
ISIC_6561559,0.01976165566860573
ISIC_6561863,0.012174434661010843
ISIC_6563014,0.018069681554864478
ISIC_6563141,0.013768010652633004
ISIC_6565474,0.004771489988483082
ISIC_6570595,0.004683565060183669
ISIC_6570791,0.023642728502995952
ISIC_6570876,0.005941811339670448
ISIC_6571223,0.0055009873008861196
ISIC_6572392,0.02124106680394157
ISIC_6572503,0.015126664736954419
ISIC_6575327,0.012131003805092005
ISIC_6575489,0.014630199843023608
ISIC_6576250,0.008056864087086356
ISIC_6578095,0.002920195951381101
ISIC_6579000,0.05849383163275574
ISIC_6579279,0.012131003805092005
ISIC_6580431,0.014630199843023608
ISIC_6581064,0.005350620887011314
ISIC_6581153,0.014127256148629088
ISIC_6581362,0.019795822322538497
ISIC_6582166,0.011700519164688231
ISIC_6583007,0.014630199843023608
ISIC_6585330,0.009927804828760723
ISIC_6586036,0.012328910648590203
ISIC_6587008,0.010537040391233472
ISIC_6589329,0.00906790235263338
ISIC_6590875,0.011707822656926081
ISIC_6591075,0.008415931616036676
ISIC_6591550,0.005941811339670448
ISIC_6591551,0.007772264078099276
ISIC_6592095,0.0129722229409786
ISIC_6592908,0.00842775661452177
ISIC_6597907,0.0055009873008861196
ISIC_6598283,0.032818041260116185
ISIC_6600704,0.014127256148629088
ISIC_6600865,0.02298990630814576
ISIC_6605301,0.0129722229409786
ISIC_6605684,0.022212847455476865
ISIC_6606900,0.005350620887011314
ISIC_6607794,0.029982022158407822
ISIC_6607833,0.0055009873008861196
ISIC_6608736,0.014127256148629088
ISIC_6609865,0.02257937226692887
ISIC_6613137,0.006640600724187732
ISIC_6614175,0.012131003805092005
ISIC_6614545,0.012629440268433077
ISIC_6614779,0.043601546446483334
ISIC_6617622,0.014630199843023608
ISIC_6618544,0.004683565060183669
ISIC_6618864,0.03398822797002655
ISIC_6619162,0.005350620887011314
ISIC_6620053,0.010503558736325164
ISIC_6622047,0.005941811339670448
ISIC_6622777,0.05268520195616736
ISIC_6623738,0.0055009873008861196
ISIC_6623941,0.014630199843023608
ISIC_6624721,0.00598938882998317
ISIC_6625865,0.03843927835789775
ISIC_6626764,0.018668244138113535
ISIC_6627425,0.005941811339670448
ISIC_6631138,0.014127256148629088
ISIC_6631246,0.014127256148629088
ISIC_6636562,0.03843927835789775
ISIC_6637262,0.03398822797002655
ISIC_6637527,0.005941811339670448
ISIC_6638136,0.012328910648590203
ISIC_6639597,0.015466518943151947
ISIC_6641471,0.01728583852632074
ISIC_6644254,0.005941811339670448
ISIC_6645024,0.008415931616036676
ISIC_6645129,0.03203972185253144
ISIC_6645719,0.006959074919684648
ISIC_6646774,0.03433809174678591
ISIC_6647206,0.012629440268433077
ISIC_6649139,0.05849383163275574
ISIC_6650304,0.015126664736954419
ISIC_6650560,0.005350620887011314
ISIC_6650817,0.005941811339670448
ISIC_6654360,0.00598938882998317
ISIC_6654536,0.008530478933806988
ISIC_6656423,0.005941811339670448
ISIC_6657415,0.014691380386000923
ISIC_6658764,0.012131003805092005
ISIC_6661454,0.014630199843023608
ISIC_6661920,0.023642728502995952
ISIC_6662756,0.013768010652633004
ISIC_6662885,0.008415931616036676
ISIC_6666968,0.007772264078099276
ISIC_6667269,0.005941811339670448
ISIC_6667861,0.005350620887011314
ISIC_6668182,0.008056864087086356
ISIC_6668384,0.031127334649255597
ISIC_6668492,0.014127256148629088
ISIC_6669353,0.00842775661452177
ISIC_6669637,0.04295322167036864
ISIC_6670532,0.00906790235263338
ISIC_6672408,0.0035735790128110356
ISIC_6673630,0.014915344873685754
ISIC_6673655,0.029982022158407822
ISIC_6673879,0.00598938882998317
ISIC_6674664,0.043601546446483334
ISIC_6674687,0.0027262355355465633
ISIC_6676229,0.005941811339670448
ISIC_6677512,0.023642728502995952
ISIC_6677676,0.023642728502995952
ISIC_6677847,0.0129722229409786
ISIC_6679232,0.012131003805092005
ISIC_6679395,0.05461988606727832
ISIC_6679941,0.0191434358070837
ISIC_6680461,0.03060723748225591
ISIC_6680545,0.008415931616036676
ISIC_6681100,0.0027262355355465633
ISIC_6682047,0.02124106680394157
ISIC_6682323,0.00987847536678138
ISIC_6683074,0.009927804828760723
ISIC_6683499,0.0191434358070837
ISIC_6684390,0.01976165566860573
ISIC_6684791,0.004683565060183669
ISIC_6684827,0.03297419037321229
ISIC_6685364,0.008056864087086356
ISIC_6687799,0.0013631177677732816
ISIC_6687916,0.0055009873008861196
ISIC_6688273,0.0191434358070837
ISIC_6688900,0.005185193077412091
ISIC_6689584,0.022212847455476865
ISIC_6689820,0.014915344873685754
ISIC_6690051,0.023642728502995952
ISIC_6690278,0.004683565060183669
ISIC_6690331,0.008415931616036676
ISIC_6692114,0.019795822322538497
ISIC_6694200,0.010537040391233472
ISIC_6694996,0.037189554322000495
ISIC_6696474,0.012629440268433077
ISIC_6699429,0.014127256148629088
ISIC_6700104,0.005941811339670448
ISIC_6700122,0.0055009873008861196
ISIC_6701908,0.0055009873008861196
ISIC_6701974,0.004683565060183669
ISIC_6702499,0.004683565060183669
ISIC_6703533,0.014064874825764078
ISIC_6704967,0.007772264078099276
ISIC_6705007,0.008530478933806988
ISIC_6705213,0.01976165566860573
ISIC_6705261,0.019791146041157958
ISIC_6706906,0.0075476899945982594
ISIC_6710366,0.0429848807511717
ISIC_6710398,0.0013631177677732816
ISIC_6711260,0.0721550682608462
ISIC_6712374,0.014915344873685754
ISIC_6712576,0.005941811339670448
ISIC_6713125,0.001335580035090993
ISIC_6715217,0.02257937226692887
ISIC_6717251,0.03203972185253144
ISIC_6717898,0.009927804828760723
ISIC_6718057,0.031312262271327655
ISIC_6719897,0.005941811339670448
ISIC_6719928,0.010537040391233472
ISIC_6720144,0.005941811339670448
ISIC_6720620,0.012629440268433077
ISIC_6720892,0.0721550682608462
ISIC_6723980,0.0013156460047165006
ISIC_6724105,0.009927804828760723
ISIC_6724176,0.015725311437139004
ISIC_6724237,0.011700519164688231
ISIC_6724343,0.00826390146712552
ISIC_6724629,0.09685926462597355
ISIC_6725856,0.02276706569407167
ISIC_6726125,0.008056864087086356
ISIC_6727968,0.0722848228658311
ISIC_6728356,0.01976165566860573
ISIC_6728492,0.00598938882998317
ISIC_6729256,0.00906790235263338
ISIC_6729337,0.015126664736954419
ISIC_6729820,0.022212847455476865
ISIC_6730696,0.004807738528552053
ISIC_6731294,0.0028434929779356626
ISIC_6731469,0.014630199843023608
ISIC_6731626,0.014630199843023608
ISIC_6733544,0.0078052151046173876
ISIC_6734591,0.018668244138113535
ISIC_6734840,0.014630199843023608
ISIC_6735214,0.009927804828760723
ISIC_6736963,0.015126664736954419
ISIC_6737042,0.014630199843023608
ISIC_6738106,0.012328910648590203
ISIC_6738385,0.014630199843023608
ISIC_6739853,0.018668244138113535
ISIC_6740248,0.00598938882998317
ISIC_6740312,0.0055009873008861196
ISIC_6740393,0.012629440268433077
ISIC_6742788,0.018613614520153192
ISIC_6743437,0.015126664736954419
ISIC_6743653,0.012131003805092005
ISIC_6744070,0.03019259795930689
ISIC_6744358,0.0721550682608462
ISIC_6744994,0.008415931616036676
ISIC_6745056,0.011700519164688231
ISIC_6747997,0.013452507403621503
ISIC_6748006,0.00906790235263338
ISIC_6749430,0.005350620887011314
ISIC_6750286,0.009118787825793676
ISIC_6750614,0.014915344873685754
ISIC_6751174,0.05057779387792067
ISIC_6751717,0.01976165566860573
ISIC_6752849,0.03843927835789775
ISIC_6753157,0.023642728502995952
ISIC_6753680,0.005350620887011314
ISIC_6754458,0.005941811339670448
ISIC_6754460,0.03433809174678591
ISIC_6755755,0.012328910648590203
ISIC_6756392,0.03433809174678591
ISIC_6756448,0.019795822322538497
ISIC_6756925,0.005350620887011314
ISIC_6757155,0.03203972185253144
ISIC_6758238,0.004771489988483082
ISIC_6759399,0.004771489988483082
ISIC_6760424,0.04222222620740611
ISIC_6761983,0.008056864087086356
ISIC_6762136,0.014630199843023608
ISIC_6762834,0.012131003805092005
ISIC_6764328,0.012328910648590203
ISIC_6765059,0.01728583852632074
ISIC_6766633,0.023642728502995952
ISIC_6767435,0.012328910648590203
ISIC_6768098,0.014127256148629088
ISIC_6770701,0.023642728502995952
ISIC_6771747,0.013452507403621503
ISIC_6773252,0.03398822797002655
ISIC_6775192,0.02588051704591062
ISIC_6777221,0.008056864087086356
ISIC_6777761,0.009927804828760723
ISIC_6777956,0.0722848228658311
ISIC_6778507,0.012328910648590203
ISIC_6779189,0.008056864087086356
ISIC_6779885,0.0075476899945982594
ISIC_6781832,0.005941811339670448
ISIC_6782062,0.019795822322538497
ISIC_6782432,0.009444458819572022
ISIC_6784944,0.023642728502995952
ISIC_6785850,0.00842775661452177
ISIC_6786077,0.02257937226692887
ISIC_6788736,0.002920195951381101
ISIC_6789406,0.005941811339670448
ISIC_6791617,0.03433809174678591
ISIC_6793148,0.02124106680394157
ISIC_6793377,0.015126664736954419
ISIC_6793888,0.0055009873008861196
ISIC_6795412,0.00906790235263338
ISIC_6795855,0.06735962201019373
ISIC_6797452,0.004683565060183669
ISIC_6797664,0.0721550682608462
ISIC_6798388,0.00842775661452177
ISIC_6801069,0.009952575752890295
ISIC_6802138,0.008530478933806988
ISIC_6805686,0.0055009873008861196
ISIC_6810659,0.02588051704591062
ISIC_6811069,0.03398822797002655
ISIC_6811237,0.0055009873008861196
ISIC_6811416,0.014127256148629088
ISIC_6812136,0.014127256148629088
ISIC_6813530,0.008415931616036676
ISIC_6813763,0.09685926462597355
ISIC_6814727,0.03433809174678591
ISIC_6815865,0.0078052151046173876
ISIC_6819277,0.007772264078099276
ISIC_6820094,0.012328910648590203
ISIC_6821845,0.004683565060183669
ISIC_6822272,0.0075476899945982594
ISIC_6822572,0.011707822656926081
ISIC_6823462,0.008056864087086356
ISIC_6825207,0.06560684379920026
ISIC_6825769,0.014127256148629088
ISIC_6825910,0.005941811339670448
ISIC_6826117,0.012328910648590203
ISIC_6827668,0.0129722229409786
ISIC_6828354,0.0053968336111840124
ISIC_6828477,0.015126664736954419
ISIC_6831983,0.012629440268433077
ISIC_6835333,0.023642728502995952
ISIC_6835703,0.0129722229409786
ISIC_6836798,0.02124106680394157
ISIC_6837581,0.012328910648590203
ISIC_6839259,0.015466518943151947
ISIC_6840007,0.008415931616036676
ISIC_6840697,0.015466518943151947
ISIC_6841220,0.029982022158407822
ISIC_6843228,0.008056864087086356
ISIC_6844380,0.008056864087086356
ISIC_6844549,0.009927804828760723
ISIC_6844611,0.01689884214140311
ISIC_6845395,0.02257937226692887
ISIC_6845523,0.010503558736325164
ISIC_6847914,0.02588051704591062
ISIC_6849924,0.018668244138113535
ISIC_6850984,0.0055009873008861196
ISIC_6852747,0.012629440268433077
ISIC_6853184,0.012131003805092005
ISIC_6853509,0.008056864087086356
ISIC_6853620,0.00842775661452177
ISIC_6854007,0.008530478933806988
ISIC_6855055,0.07128086699269456
ISIC_6855256,0.0055009873008861196
ISIC_6857184,0.01740123568596671
ISIC_6857576,0.010503558736325164
ISIC_6858056,0.012131003805092005
ISIC_6858262,0.007772264078099276
ISIC_6861835,0.008415931616036676
ISIC_6862118,0.018613614520153192
ISIC_6864432,0.005941811339670448
ISIC_6866663,0.008530478933806988
ISIC_6867311,0.023415645313852162
ISIC_6867950,0.007772264078099276
ISIC_6868566,0.019795822322538497
ISIC_6868596,0.008530478933806988
ISIC_6870521,0.03398822797002655
ISIC_6870887,0.014630199843023608
ISIC_6871383,0.02257937226692887
ISIC_6873754,0.023642728502995952
ISIC_6875383,0.007772264078099276
ISIC_6875926,0.03433809174678591
ISIC_6875932,0.0055009873008861196
ISIC_6876145,0.014630199843023608
ISIC_6876493,0.02588051704591062
ISIC_6877005,0.014915344873685754
ISIC_6877629,0.023642728502995952
ISIC_6877681,0.005350620887011314
ISIC_6880676,0.005941811339670448
ISIC_6880871,0.005941811339670448
ISIC_6881364,0.03019259795930689
ISIC_6881441,0.03433809174678591
ISIC_6881732,0.02588051704591062
ISIC_6881924,0.013452507403621503
ISIC_6883060,0.012629440268433077
ISIC_6883104,0.03019259795930689
ISIC_6883430,0.001271369456480849
ISIC_6883524,0.023642728502995952
ISIC_6883642,0.005941811339670448
ISIC_6885218,0.007772264078099276
ISIC_6885654,0.008013480210545959
ISIC_6887266,0.00906790235263338
ISIC_6889595,0.19300926764475035
ISIC_6889624,0.008530478933806988
ISIC_6892265,0.011700519164688231
ISIC_6894377,0.014630199843023608
ISIC_6895108,0.0032249371579026417
ISIC_6897661,0.0055009873008861196
ISIC_6897793,0.008056864087086356
ISIC_6898013,0.0129722229409786
ISIC_6898290,0.007147158025622071
ISIC_6899150,0.004683565060183669
ISIC_6899991,0.010537040391233472
ISIC_6900078,0.0129722229409786
ISIC_6900567,0.008056864087086356
ISIC_6900839,0.008056864087086356
ISIC_6901140,0.00906790235263338
ISIC_6901790,0.008415931616036676
ISIC_6902302,0.031127334649255597
ISIC_6902548,0.012629440268433077
ISIC_6903486,0.012131003805092005
ISIC_6903770,0.023642728502995952
ISIC_6903816,0.014127256148629088
ISIC_6903971,0.02588051704591062
ISIC_6904883,0.03203972185253144
ISIC_6905379,0.00987847536678138
ISIC_6905962,0.015126664736954419
ISIC_6908811,0.011707822656926081
ISIC_6911199,0.013768010652633004
ISIC_6911432,0.019791146041157958
ISIC_6911963,0.012131003805092005
ISIC_6913320,0.004683565060183669
ISIC_6913600,0.005941811339670448
ISIC_6913983,0.0129722229409786
ISIC_6917374,0.007772264078099276
ISIC_6917597,0.007772264078099276
ISIC_6918052,0.005350620887011314
ISIC_6918208,0.012131003805092005
ISIC_6918215,0.008530478933806988
ISIC_6919388,0.0721550682608462
ISIC_6919598,0.0038325340137393715
ISIC_6919934,0.02588051704591062
ISIC_6920036,0.010503558736325164
ISIC_6920450,0.014127256148629088
ISIC_6920596,0.03297419037321229
ISIC_6920609,0.023642728502995952
ISIC_6923881,0.008530478933806988
ISIC_6925576,0.03019259795930689
ISIC_6925729,0.012629440268433077
ISIC_6926294,0.002920195951381101
ISIC_6926425,0.004771489988483082
ISIC_6929794,0.012131003805092005
ISIC_6930170,0.008056864087086356
ISIC_6930967,0.015126664736954419
ISIC_6931246,0.0075476899945982594
ISIC_6932354,0.03512346797077824
ISIC_6934272,0.012629440268433077
ISIC_6935489,0.019795822322538497
ISIC_6936286,0.019795822322538497
ISIC_6937025,0.0722848228658311
ISIC_6938924,0.015126664736954419
ISIC_6939106,0.005350620887011314
ISIC_6939698,0.00413195073356276
ISIC_6940742,0.004683565060183669
ISIC_6941854,0.004683565060183669
ISIC_6942800,0.015466518943151947
ISIC_6942995,0.0075476899945982594
ISIC_6946895,0.008415931616036676
ISIC_6948933,0.007772264078099276
ISIC_6950600,0.02257937226692887
ISIC_6950667,0.0721550682608462
ISIC_6950754,0.009952575752890295
ISIC_6951279,0.03398822797002655
ISIC_6952190,0.012629440268433077
ISIC_6952589,0.001271369456480849
ISIC_6954370,0.009927804828760723
ISIC_6954625,0.005941811339670448
ISIC_6955630,0.005941811339670448
ISIC_6955637,0.009927804828760723
ISIC_6955838,0.0055009873008861196
ISIC_6955864,0.009927804828760723
ISIC_6955962,0.012328910648590203
ISIC_6958771,0.0055009873008861196
ISIC_6958842,0.008415931616036676
ISIC_6961265,0.002920195951381101
ISIC_6961583,0.005941811339670448
ISIC_6961770,0.004683565060183669
ISIC_6963799,0.023642728502995952
ISIC_6963944,0.03433809174678591
ISIC_6965271,0.009794253590667282
ISIC_6967784,0.012328910648590203
ISIC_6968303,0.012131003805092005
ISIC_6968779,0.006640600724187732
ISIC_6970322,0.005941811339670448
ISIC_6970946,0.015466518943151947
ISIC_6972067,0.009952575752890295
ISIC_6972434,0.012629440268433077
ISIC_6973224,0.008530478933806988
ISIC_6975236,0.004683565060183669
ISIC_6975486,0.0075476899945982594
ISIC_6975773,0.0721550682608462
ISIC_6976452,0.0055009873008861196
ISIC_6977473,0.012328910648590203
ISIC_6977916,0.00598938882998317
ISIC_6978556,0.015126664736954419
ISIC_6980372,0.023642728502995952
ISIC_6981145,0.0055009873008861196
ISIC_6981174,0.0075476899945982594
ISIC_6981516,0.023642728502995952
ISIC_6982312,0.03398822797002655
ISIC_6983099,0.002920195951381101
ISIC_6983482,0.03433809174678591
ISIC_6984644,0.002920195951381101
ISIC_6984658,0.0055009873008861196
ISIC_6988163,0.004683565060183669
ISIC_6988262,0.009952575752890295
ISIC_6988497,0.02124106680394157
ISIC_6990099,0.007772264078099276
ISIC_6991088,0.014630199843023608
ISIC_6993184,0.008056864087086356
ISIC_6993349,0.019795822322538497
ISIC_6993350,0.008415931616036676
ISIC_6993878,0.00598938882998317
ISIC_6996010,0.008530478933806988
ISIC_6997645,0.01740123568596671
ISIC_7001013,0.005941811339670448
ISIC_7001504,0.0722848228658311
ISIC_7001659,0.014630199843023608
ISIC_7002633,0.0055009873008861196
ISIC_7003908,0.03297419037321229
ISIC_7004578,0.004807738528552053
ISIC_7005958,0.005350620887011314
ISIC_7006251,0.007772264078099276
ISIC_7007065,0.02276706569407167
ISIC_7007108,0.013452507403621503
ISIC_7007249,0.02257937226692887
ISIC_7007780,0.007772264078099276
ISIC_7009636,0.009927804828760723
ISIC_7009862,0.008530478933806988
ISIC_7010159,0.00598938882998317
ISIC_7010755,0.029982022158407822
ISIC_7011312,0.00598938882998317
ISIC_7011852,0.01740123568596671
ISIC_7012314,0.015126664736954419
ISIC_7013717,0.004683565060183669
ISIC_7013847,0.015126664736954419
ISIC_7014635,0.023176330689934875
ISIC_7016381,0.014127256148629088
ISIC_7016610,0.010503558736325164
ISIC_7017459,0.008056864087086356
ISIC_7018163,0.012629440268433077
ISIC_7018756,0.008056864087086356
ISIC_7020654,0.005941811339670448
ISIC_7022319,0.012328910648590203
ISIC_7022512,0.02124106680394157
ISIC_7024061,0.02257937226692887
ISIC_7024176,0.008056864087086356
ISIC_7025139,0.023642728502995952
ISIC_7026533,0.007835449297397983
ISIC_7026787,0.018069681554864478
ISIC_7027005,0.023642728502995952
ISIC_7027576,0.005941811339670448
ISIC_7029435,0.03203972185253144
ISIC_7030414,0.008056864087086356
ISIC_7030762,0.014915344873685754
ISIC_7031153,0.008530478933806988
ISIC_7031413,0.012629440268433077
ISIC_7031655,0.014127256148629088
ISIC_7032145,0.013768010652633004
ISIC_7032767,0.015126664736954419
ISIC_7034056,0.0129722229409786
ISIC_7035208,0.031312262271327655
ISIC_7036799,0.005350620887011314
ISIC_7036830,0.004683565060183669
ISIC_7037702,0.007835449297397983
ISIC_7038070,0.018668244138113535
ISIC_7039072,0.004683565060183669
ISIC_7042916,0.01740123568596671
ISIC_7044408,0.00842775661452177
ISIC_7046006,0.02257937226692887
ISIC_7049364,0.004683565060183669
ISIC_7050025,0.005941811339670448
ISIC_7050560,0.023642728502995952
ISIC_7051906,0.014915344873685754
ISIC_7052464,0.014127256148629088
ISIC_7053272,0.012131003805092005
ISIC_7054130,0.015466518943151947
ISIC_7054725,0.014127256148629088
ISIC_7056434,0.03203972185253144
ISIC_7056912,0.004683565060183669
ISIC_7058499,0.014630199843023608
ISIC_7058873,0.015466518943151947
ISIC_7059105,0.008415931616036676
ISIC_7059896,0.008530478933806988
ISIC_7061011,0.005941811339670448
ISIC_7061139,0.01740123568596671
ISIC_7061494,0.013768010652633004
ISIC_7062201,0.02257937226692887
ISIC_7063177,0.02124106680394157
ISIC_7064337,0.048179677594638655
ISIC_7064511,0.023642728502995952
ISIC_7064592,0.02588051704591062
ISIC_7064704,0.005941811339670448
ISIC_7065978,0.03433809174678591
ISIC_7068535,0.013768010652633004
ISIC_7069639,0.0075476899945982594
ISIC_7070372,0.012131003805092005
ISIC_7074278,0.01740123568596671
ISIC_7074909,0.009927804828760723
ISIC_7075768,0.008056864087086356
ISIC_7076194,0.012131003805092005
ISIC_7076983,0.0722848228658311
ISIC_7077024,0.012131003805092005
ISIC_7077494,0.010503558736325164
ISIC_7078308,0.012629440268433077
ISIC_7079491,0.00598938882998317
ISIC_7080136,0.005941811339670448
ISIC_7080192,0.018668244138113535
ISIC_7080469,0.0055009873008861196
ISIC_7080556,0.010577793877920665
ISIC_7081220,0.002920195951381101
ISIC_7081223,0.005288896938960333
ISIC_7081429,0.05849383163275574
ISIC_7082609,0.013768010652633004
ISIC_7084116,0.005509267644750346
ISIC_7085260,0.03433809174678591
ISIC_7087406,0.015126664736954419
ISIC_7088638,0.03433809174678591
ISIC_7091133,0.005941811339670448
ISIC_7092566,0.018069681554864478
ISIC_7094353,0.0075476899945982594
ISIC_7094448,0.007772264078099276
ISIC_7094911,0.008530478933806988
ISIC_7095065,0.005941811339670448
ISIC_7098454,0.0038325340137393715
ISIC_7099778,0.012174434661010843
ISIC_7101448,0.014630199843023608
ISIC_7101450,0.008530478933806988
ISIC_7102106,0.02276706569407167
ISIC_7102308,0.015466518943151947
ISIC_7102421,0.0129722229409786
ISIC_7102450,0.011700519164688231
ISIC_7102456,0.008415931616036676
ISIC_7103029,0.008415931616036676
ISIC_7105259,0.029982022158407822
ISIC_7105294,0.005350620887011314
ISIC_7106250,0.0028434929779356626
ISIC_7106452,0.00906790235263338
ISIC_7108009,0.004722229409786011
ISIC_7109036,0.02124106680394157
ISIC_7110004,0.012629440268433077
ISIC_7112065,0.02257937226692887
ISIC_7113087,0.004683565060183669
ISIC_7113110,0.014630199843023608
ISIC_7113256,0.0129722229409786
ISIC_7113418,0.0722848228658311
ISIC_7113586,0.00598938882998317
ISIC_7113702,0.03433809174678591
ISIC_7113993,0.032818041260116185
ISIC_7114023,0.014630199843023608
ISIC_7114727,0.01740123568596671
ISIC_7114912,0.014630199843023608
ISIC_7115225,0.00842775661452177
ISIC_7116294,0.0055009873008861196
ISIC_7116372,0.02298990630814576
ISIC_7116464,0.04222222620740611
ISIC_7116684,0.004771489988483082
ISIC_7118397,0.008530478933806988
ISIC_7118759,0.00906790235263338
ISIC_7119932,0.012629440268433077
ISIC_7120406,0.007772264078099276
ISIC_7124850,0.00598938882998317
ISIC_7125195,0.00842775661452177
ISIC_7127226,0.013452507403621503
ISIC_7128307,0.023642728502995952
ISIC_7129969,0.029982022158407822
ISIC_7132047,0.012629440268433077
ISIC_7132534,0.015126664736954419
ISIC_7132780,0.03433809174678591
ISIC_7132896,0.0129722229409786
ISIC_7133530,0.022212847455476865
ISIC_7135160,0.07128086699269456
ISIC_7135304,0.008415931616036676
ISIC_7138321,0.0722848228658311
ISIC_7139089,0.04710108907479712
ISIC_7141412,0.02257937226692887
ISIC_7142335,0.02124106680394157
ISIC_7142471,0.04222222620740611
ISIC_7142549,0.0055009873008861196
ISIC_7142776,0.02124106680394157
ISIC_7142991,0.014630199843023608
ISIC_7143554,0.008415931616036676
ISIC_7145784,0.008056864087086356
ISIC_7146714,0.010577793877920665
ISIC_7152033,0.0038325340137393715
ISIC_7152851,0.0191434358070837
ISIC_7153281,0.014127256148629088
ISIC_7153573,0.0055009873008861196
ISIC_7154902,0.005350620887011314
ISIC_7154992,0.014127256148629088
ISIC_7155184,0.008056864087086356
ISIC_7156783,0.02588051704591062
ISIC_7158189,0.03433809174678591
ISIC_7159168,0.0029382760772001847
ISIC_7159337,0.00906790235263338
ISIC_7159776,0.01976165566860573
ISIC_7161133,0.008530478933806988
ISIC_7166179,0.010503558736325164
ISIC_7166441,0.007772264078099276
ISIC_7167759,0.00413195073356276
ISIC_7168654,0.008056864087086356
ISIC_7169582,0.022212847455476865
ISIC_7170016,0.004683565060183669
ISIC_7170652,0.008530478933806988
ISIC_7171310,0.0722848228658311
ISIC_7171951,0.007772264078099276
ISIC_7173221,0.008530478933806988
ISIC_7174020,0.008056864087086356
ISIC_7174145,0.005941811339670448
ISIC_7174811,0.010503558736325164
ISIC_7175329,0.00906790235263338
ISIC_7179756,0.00906790235263338
ISIC_7180429,0.022212847455476865
ISIC_7180740,0.012131003805092005
ISIC_7181628,0.008056864087086356
ISIC_7181892,0.07128086699269456
ISIC_7184527,0.008530478933806988
ISIC_7185224,0.005350620887011314
ISIC_7185540,0.018668244138113535
ISIC_7185618,0.008056864087086356
ISIC_7185722,0.0191434358070837
ISIC_7186817,0.018668244138113535
ISIC_7188491,0.005941811339670448
ISIC_7188537,0.053025144868233696
ISIC_7188780,0.019791146041157958
ISIC_7189518,0.001271369456480849
ISIC_7190153,0.0055009873008861196
ISIC_7190481,0.001271369456480849
ISIC_7190671,0.012131003805092005
ISIC_7191641,0.015126664736954419
ISIC_7191825,0.010503558736325164
ISIC_7192081,0.005941811339670448
ISIC_7192464,0.0129722229409786
ISIC_7192471,0.012629440268433077
ISIC_7192748,0.011700519164688231
ISIC_7193199,0.02124106680394157
ISIC_7194273,0.005350620887011314
ISIC_7195248,0.023642728502995952
ISIC_7195286,0.015126664736954419
ISIC_7195291,0.005941811339670448
ISIC_7196617,0.008056864087086356
ISIC_7196620,0.02276706569407167
ISIC_7198276,0.022212847455476865
ISIC_7198737,0.0013631177677732816
ISIC_7200910,0.005941811339670448
ISIC_7200911,0.015126664736954419
ISIC_7201361,0.008415931616036676
ISIC_7201379,0.007772264078099276
ISIC_7202197,0.1360185352895007
ISIC_7202841,0.012328910648590203
ISIC_7203952,0.01740123568596671
ISIC_7205346,0.01663743219668443
ISIC_7205470,0.009444458819572022
ISIC_7206270,0.015725311437139004
ISIC_7206587,0.008530478933806988
ISIC_7206758,0.012328910648590203
ISIC_7207612,0.012629440268433077
ISIC_7208438,0.013452507403621503
ISIC_7208452,0.012328910648590203
ISIC_7209713,0.03433809174678591
ISIC_7210067,0.008530478933806988
ISIC_7211673,0.012131003805092005
ISIC_7212445,0.011707822656926081
ISIC_7212600,0.014630199843023608
ISIC_7213312,0.014127256148629088
ISIC_7213439,0.05849383163275574
ISIC_7213459,0.024793036214666993
ISIC_7214301,0.008530478933806988
ISIC_7216563,0.015126664736954419
ISIC_7217280,0.002920195951381101
ISIC_7217766,0.015126664736954419
ISIC_7218038,0.010503558736325164
ISIC_7218942,0.012131003805092005
ISIC_7222316,0.011707822656926081
ISIC_7222864,0.0029382760772001847
ISIC_7223807,0.008415931616036676
ISIC_7224273,0.012131003805092005
ISIC_7225062,0.001271369456480849
ISIC_7225957,0.010503558736325164
ISIC_7227536,0.012131003805092005
ISIC_7227997,0.0075476899945982594
ISIC_7231512,0.019791146041157958
ISIC_7233451,0.015126664736954419
ISIC_7233969,0.009927804828760723
ISIC_7234089,0.05057779387792067
ISIC_7235152,0.014127256148629088
ISIC_7235719,0.015126664736954419
ISIC_7236146,0.008056864087086356
ISIC_7236296,0.015466518943151947
ISIC_7236531,0.0129722229409786
ISIC_7236809,0.009952575752890295
ISIC_7237058,0.023642728502995952
ISIC_7237885,0.002920195951381101
ISIC_7239806,0.029982022158407822
ISIC_7240170,0.023642728502995952
ISIC_7240964,0.004683565060183669
ISIC_7242300,0.008056864087086356
ISIC_7242426,0.018613614520153192
ISIC_7244482,0.007772264078099276
ISIC_7247068,0.018613614520153192
ISIC_7247219,0.012328910648590203
ISIC_7248498,0.0075476899945982594
ISIC_7249001,0.00598938882998317
ISIC_7251830,0.008056864087086356
ISIC_7252720,0.019791146041157958
ISIC_7252876,0.03398822797002655
ISIC_7253599,0.013452507403621503
ISIC_7253799,0.0055009873008861196
ISIC_7254179,0.014127256148629088
ISIC_7256487,0.015126664736954419
ISIC_7259222,0.008056864087086356
ISIC_7259357,0.013452507403621503
ISIC_7259800,0.007147158025622071
ISIC_7261608,0.022212847455476865
ISIC_7262158,0.006640600724187732
ISIC_7263763,0.05497586291078334
ISIC_7264521,0.0129722229409786
ISIC_7264689,0.057474765770364394
ISIC_7264722,0.005350620887011314
ISIC_7265782,0.015126664736954419
ISIC_7266688,0.001271369456480849
ISIC_7267148,0.012629440268433077
ISIC_7267800,0.023415645313852162
ISIC_7268291,0.05461988606727832
ISIC_7268637,0.0078052151046173876
ISIC_7270127,0.006640600724187732
ISIC_7270195,0.007777789616118136
ISIC_7270529,0.005941811339670448
ISIC_7270871,0.018668244138113535
ISIC_7271775,0.005941811339670448
ISIC_7272693,0.014630199843023608
ISIC_7273751,0.014630199843023608
ISIC_7275995,0.015126664736954419
ISIC_7276863,0.00842775661452177
ISIC_7276897,0.07128086699269456
ISIC_7278167,0.004771489988483082
ISIC_7279038,0.005350620887011314
ISIC_7280008,0.06021165937847699
ISIC_7280569,0.02124106680394157
ISIC_7280622,0.0429848807511717
ISIC_7281152,0.07128086699269456
ISIC_7281449,0.02588051704591062
ISIC_7281652,0.00906790235263338
ISIC_7284217,0.003148152939857341
ISIC_7284755,0.018069681554864478
ISIC_7285046,0.01976165566860573
ISIC_7285430,0.010503558736325164
ISIC_7286709,0.001271369456480849
ISIC_7288224,0.00598938882998317
ISIC_7288467,0.029982022158407822
ISIC_7288480,0.0722848228658311
ISIC_7288833,0.023176330689934875
ISIC_7289947,0.005941811339670448
ISIC_7292224,0.019795822322538497
ISIC_7293712,0.015466518943151947
ISIC_7294483,0.014630199843023608
ISIC_7295087,0.008415931616036676
ISIC_7296865,0.023642728502995952
ISIC_7297185,0.0038325340137393715
ISIC_7297503,0.009952575752890295
ISIC_7299447,0.01689884214140311
ISIC_7299874,0.08200855474900032
ISIC_7301437,0.005941811339670448
ISIC_7301931,0.018069681554864478
ISIC_7302279,0.008530478933806988
ISIC_7302489,0.04515874453385774
ISIC_7302745,0.00598938882998317
ISIC_7303707,0.010537040391233472
ISIC_7303944,0.019795822322538497
ISIC_7304732,0.005941811339670448
ISIC_7304879,0.005941811339670448
ISIC_7305668,0.008056864087086356
ISIC_7308210,0.01689884214140311
ISIC_7310710,0.0055009873008861196
ISIC_7310941,0.005350620887011314
ISIC_7313171,0.006640600724187732
ISIC_7314476,0.007772264078099276
ISIC_7315764,0.004683565060183669
ISIC_7317291,0.019791146041157958
ISIC_7317430,0.007772264078099276
ISIC_7318419,0.032818041260116185
ISIC_7319414,0.0027262355355465633
ISIC_7321172,0.0722848228658311
ISIC_7322751,0.008530478933806988
ISIC_7324893,0.0055009873008861196
ISIC_7326927,0.0027262355355465633
ISIC_7329158,0.007772264078099276
ISIC_7331667,0.005350620887011314
ISIC_7332954,0.023642728502995952
ISIC_7333200,0.02276706569407167
ISIC_7333253,0.02588051704591062
ISIC_7335219,0.014915344873685754
ISIC_7337420,0.07962060602312236
ISIC_7339261,0.005350620887011314
ISIC_7339457,0.05057779387792067
ISIC_7339934,0.005350620887011314
ISIC_7340176,0.019795822322538497
ISIC_7341678,0.015126664736954419
ISIC_7343231,0.008056864087086356
ISIC_7343497,0.012131003805092005
ISIC_7344599,0.004683565060183669
ISIC_7345053,0.005941811339670448
ISIC_7345857,0.018668244138113535
ISIC_7346398,0.0075476899945982594
ISIC_7347213,0.005350620887011314
ISIC_7348540,0.008530478933806988
ISIC_7348836,0.023642728502995952
ISIC_7349770,0.053025144868233696
ISIC_7350097,0.008056864087086356
ISIC_7350129,0.03398822797002655
ISIC_7352401,0.013768010652633004
ISIC_7352483,0.007772264078099276
ISIC_7352675,0.015466518943151947
ISIC_7353870,0.01740123568596671
ISIC_7357518,0.015126664736954419
ISIC_7357720,0.015126664736954419
ISIC_7359225,0.009927804828760723
ISIC_7359945,0.023642728502995952
ISIC_7360390,0.018069681554864478
ISIC_7361481,0.07128086699269456
ISIC_7361998,0.00598938882998317
ISIC_7362188,0.003148152939857341
ISIC_7363391,0.019791146041157958
ISIC_7363483,0.023642728502995952
ISIC_7365628,0.01689884214140311
ISIC_7366427,0.005941811339670448
ISIC_7367079,0.023415645313852162
ISIC_7367641,0.010577793877920665
ISIC_7367817,0.012328910648590203
ISIC_7369674,0.002920195951381101
ISIC_7371368,0.00906790235263338
ISIC_7372476,0.03433809174678591
ISIC_7373084,0.007772264078099276
ISIC_7373877,0.009927804828760723
ISIC_7374271,0.015126664736954419
ISIC_7375926,0.004807738528552053
ISIC_7377665,0.008530478933806988
ISIC_7379934,0.02276706569407167
ISIC_7382419,0.0038325340137393715
ISIC_7383713,0.005350620887011314
ISIC_7384016,0.023642728502995952
ISIC_7384826,0.0075476899945982594
ISIC_7385444,0.005350620887011314
ISIC_7385553,0.023176330689934875
ISIC_7386428,0.004683565060183669
ISIC_7392354,0.022212847455476865
ISIC_7393513,0.015466518943151947
ISIC_7394850,0.008056864087086356
ISIC_7395188,0.023642728502995952
ISIC_7397275,0.0028434929779356626
ISIC_7398705,0.014630199843023608
ISIC_7399356,0.008415931616036676
ISIC_7401344,0.029982022158407822
ISIC_7401900,0.015126664736954419
ISIC_7404739,0.005350620887011314
ISIC_7405314,0.014630199843023608
ISIC_7406384,0.013452507403621503
ISIC_7409499,0.008415931616036676
ISIC_7411679,0.023642728502995952
ISIC_7413080,0.005350620887011314
ISIC_7413622,0.05461988606727832
ISIC_7414621,0.005350620887011314
ISIC_7414834,0.010503558736325164
ISIC_7415425,0.008056864087086356
ISIC_7415965,0.04295322167036864
ISIC_7416462,0.0055009873008861196
ISIC_7416932,0.0129722229409786
ISIC_7418191,0.018668244138113535
ISIC_7418611,0.002920195951381101
ISIC_7419326,0.010537040391233472
ISIC_7420003,0.02276706569407167
ISIC_7420156,0.004807738528552053
ISIC_7421633,0.02257937226692887
ISIC_7425082,0.008415931616036676
ISIC_7425333,0.019795822322538497
ISIC_7426112,0.015126664736954419
ISIC_7426756,0.004683565060183669
ISIC_7427458,0.03433809174678591
ISIC_7431726,0.008056864087086356
ISIC_7433324,0.008530478933806988
ISIC_7433838,0.007772264078099276
ISIC_7436486,0.018668244138113535
ISIC_7436513,0.03060723748225591
ISIC_7437394,0.0075476899945982594
ISIC_7437829,0.011700519164688231
ISIC_7438712,0.008530478933806988
ISIC_7438784,0.002920195951381101
ISIC_7438856,0.004683565060183669
ISIC_7440908,0.009927804828760723
ISIC_7442039,0.023176330689934875
ISIC_7442694,0.01740123568596671
ISIC_7443279,0.005941811339670448
ISIC_7445432,0.012131003805092005
ISIC_7445535,0.005941811339670448
ISIC_7445753,0.009927804828760723
ISIC_7446041,0.008530478933806988
ISIC_7446208,0.005941811339670448
ISIC_7448043,0.00598938882998317
ISIC_7450400,0.0055009873008861196
ISIC_7451381,0.0055009873008861196
ISIC_7451544,0.007772264078099276
ISIC_7452111,0.00598938882998317
ISIC_7452361,0.023415645313852162
ISIC_7452557,0.005941811339670448
ISIC_7453678,0.012131003805092005
ISIC_7454565,0.03843927835789775
ISIC_7455273,0.018668244138113535
ISIC_7455959,0.00598938882998317
ISIC_7457591,0.02588051704591062
ISIC_7457700,0.012629440268433077
ISIC_7458062,0.0129722229409786
ISIC_7458366,0.004683565060183669
ISIC_7460098,0.031312262271327655
ISIC_7461873,0.012131003805092005
ISIC_7462893,0.015466518943151947
ISIC_7463689,0.008415931616036676
ISIC_7464332,0.015126664736954419
ISIC_7465205,0.004683565060183669
ISIC_7466378,0.008415931616036676
ISIC_7466714,0.019795822322538497
ISIC_7468924,0.018668244138113535
ISIC_7469476,0.005941811339670448
ISIC_7470317,0.004807738528552053
ISIC_7471956,0.014127256148629088
ISIC_7472363,0.014630199843023608
ISIC_7472702,0.014127256148629088
ISIC_7473178,0.03060723748225591
ISIC_7475630,0.06560684379920026
ISIC_7475644,0.03433809174678591
ISIC_7476006,0.014915344873685754
ISIC_7476014,0.008415931616036676
ISIC_7476093,0.004683565060183669
ISIC_7480165,0.015126664736954419
ISIC_7480177,0.005350620887011314
ISIC_7480724,0.0078052151046173876
ISIC_7481251,0.0028434929779356626
ISIC_7481553,0.053025144868233696
ISIC_7485304,0.001335580035090993
ISIC_7486739,0.005941811339670448
ISIC_7486911,0.03398822797002655
ISIC_7487858,0.007772264078099276
ISIC_7488189,0.018613614520153192
ISIC_7488192,0.004807738528552053
ISIC_7488829,0.00906790235263338
ISIC_7488921,0.014127256148629088
ISIC_7489053,0.008530478933806988
ISIC_7489203,0.0429848807511717
ISIC_7489822,0.023176330689934875
ISIC_7490240,0.012629440268433077
ISIC_7492542,0.00906790235263338
ISIC_7492628,0.015466518943151947
ISIC_7495312,0.0191434358070837
ISIC_7495330,0.005941811339670448
ISIC_7495830,0.008530478933806988
ISIC_7496557,0.02124106680394157
ISIC_7497192,0.00842775661452177
ISIC_7501025,0.03433809174678591
ISIC_7501669,0.005941811339670448
ISIC_7502317,0.008415931616036676
ISIC_7502935,0.012328910648590203
ISIC_7503199,0.008056864087086356
ISIC_7504384,0.02124106680394157
ISIC_7504825,0.015466518943151947
ISIC_7505887,0.001271369456480849
ISIC_7506283,0.023642728502995952
ISIC_7506745,0.012131003805092005
ISIC_7507387,0.010503558736325164
ISIC_7507394,0.008056864087086356
ISIC_7507905,0.0129722229409786
ISIC_7508006,0.018668244138113535
ISIC_7508666,0.023642728502995952
ISIC_7508820,0.010503558736325164
ISIC_7510327,0.023642728502995952
ISIC_7511353,0.012131003805092005
ISIC_7511434,0.014064874825764078
ISIC_7511748,0.04515874453385774
ISIC_7511758,0.013768010652633004
ISIC_7512613,0.005941811339670448
ISIC_7512827,0.005350620887011314
ISIC_7513617,0.04350308921491678
ISIC_7513737,0.015126664736954419
ISIC_7513980,0.012131003805092005
ISIC_7514412,0.004771489988483082
ISIC_7514527,0.0129722229409786
ISIC_7515666,0.004683565060183669
ISIC_7517764,0.005941811339670448
ISIC_7518616,0.0075476899945982594
ISIC_7520133,0.0191434358070837
ISIC_7520266,0.008056864087086356
ISIC_7522252,0.015126664736954419
ISIC_7522358,0.019795822322538497
ISIC_7522524,0.012131003805092005
ISIC_7522632,0.004771489988483082
ISIC_7522882,0.00842775661452177
ISIC_7523853,0.013452507403621503
ISIC_7525904,0.007835449297397983
ISIC_7525908,0.008056864087086356
ISIC_7526898,0.022212847455476865
ISIC_7526999,0.014630199843023608
ISIC_7527064,0.008056864087086356
ISIC_7527610,0.023642728502995952
ISIC_7529351,0.008056864087086356
ISIC_7529550,0.007772264078099276
ISIC_7529810,0.0055009873008861196
ISIC_7530370,0.04710108907479712
ISIC_7531883,0.023642728502995952
ISIC_7533893,0.012629440268433077
ISIC_7533998,0.008056864087086356
ISIC_7536031,0.04222222620740611
ISIC_7536615,0.029982022158407822
ISIC_7540410,0.005941811339670448
ISIC_7540663,0.014127256148629088
ISIC_7540893,0.007147158025622071
ISIC_7541281,0.023642728502995952
ISIC_7541564,0.012328910648590203
ISIC_7541932,0.03433809174678591
ISIC_7545731,0.008056864087086356
ISIC_7546864,0.0055009873008861196
ISIC_7548504,0.005350620887011314
ISIC_7548981,0.008530478933806988
ISIC_7549311,0.005941811339670448
ISIC_7550253,0.018069681554864478
ISIC_7551036,0.012131003805092005
ISIC_7551674,0.053025144868233696
ISIC_7551811,0.013452507403621503
ISIC_7553223,0.010503558736325164
ISIC_7553317,0.04515874453385774
ISIC_7553987,0.023642728502995952
ISIC_7554237,0.002920195951381101
ISIC_7556412,0.023642728502995952
ISIC_7556912,0.006640600724187732
ISIC_7557568,0.009927804828760723
ISIC_7559383,0.03203972185253144
ISIC_7560391,0.014630199843023608
ISIC_7560441,0.005941811339670448
ISIC_7560900,0.014915344873685754
ISIC_7562455,0.005350620887011314
ISIC_7562733,0.008530478933806988
ISIC_7562805,0.005941811339670448
ISIC_7563708,0.0032249371579026417
ISIC_7563835,0.02257937226692887
ISIC_7566175,0.012131003805092005
ISIC_7567268,0.012328910648590203
ISIC_7567821,0.018613614520153192
ISIC_7570492,0.0075476899945982594
ISIC_7571727,0.008530478933806988
ISIC_7573213,0.005941811339670448
ISIC_7573463,0.03843927835789775
ISIC_7574085,0.02257937226692887
ISIC_7575027,0.005941811339670448
ISIC_7576311,0.012629440268433077
ISIC_7576630,0.029982022158407822
ISIC_7577155,0.031312262271327655
ISIC_7577303,0.012131003805092005
ISIC_7577328,0.023642728502995952
ISIC_7578283,0.03433809174678591
ISIC_7579848,0.023642728502995952
ISIC_7581451,0.0191434358070837
ISIC_7581494,0.012131003805092005
ISIC_7582923,0.023642728502995952
ISIC_7583623,0.007772264078099276
ISIC_7584134,0.00598938882998317
ISIC_7584926,0.012629440268433077
ISIC_7585202,0.0129722229409786
ISIC_7585351,0.019791146041157958
ISIC_7585749,0.007772264078099276
ISIC_7586290,0.009927804828760723
ISIC_7586457,0.002920195951381101
ISIC_7587095,0.014630199843023608
ISIC_7587191,0.012131003805092005
ISIC_7587476,0.00842775661452177
ISIC_7588607,0.03843927835789775
ISIC_7589420,0.00598938882998317
ISIC_7589467,0.005941811339670448
ISIC_7589828,0.00842775661452177
ISIC_7590061,0.010503558736325164
ISIC_7590800,0.03433809174678591
ISIC_7591125,0.012629440268433077
ISIC_7591506,0.0013156460047165006
ISIC_7591683,0.008415931616036676
ISIC_7592323,0.015126664736954419
ISIC_7593089,0.012629440268433077
ISIC_7593339,0.014630199843023608
ISIC_7595646,0.012131003805092005
ISIC_7595718,0.005288896938960333
ISIC_7597450,0.012328910648590203
ISIC_7598211,0.010503558736325164
ISIC_7598888,0.023642728502995952
ISIC_7599086,0.019795822322538497
ISIC_7599726,0.006959074919684648
ISIC_7599730,0.005941811339670448
ISIC_7599734,0.004683565060183669
ISIC_7599882,0.012629440268433077
ISIC_7600077,0.005941811339670448
ISIC_7600777,0.018613614520153192
ISIC_7603304,0.004683565060183669
ISIC_7603453,0.006640600724187732
ISIC_7604683,0.0078052151046173876
ISIC_7606412,0.02588051704591062
ISIC_7608868,0.004807738528552053
ISIC_7610042,0.019791146041157958
ISIC_7610804,0.02588051704591062
ISIC_7611037,0.009927804828760723
ISIC_7611734,0.029982022158407822
ISIC_7613717,0.0722848228658311
ISIC_7615884,0.012328910648590203
ISIC_7616219,0.014630199843023608
ISIC_7617371,0.012328910648590203
ISIC_7617438,0.012328910648590203
ISIC_7620523,0.0055009873008861196
ISIC_7621186,0.011707822656926081
ISIC_7622418,0.00842775661452177
ISIC_7623074,0.008415931616036676
ISIC_7623848,0.005941811339670448
ISIC_7626131,0.009927804828760723
ISIC_7627190,0.012328910648590203
ISIC_7627239,0.005350620887011314
ISIC_7627502,0.007772264078099276
ISIC_7627576,0.005941811339670448
ISIC_7627778,0.002920195951381101
ISIC_7630288,0.005941811339670448
ISIC_7630392,0.0035735790128110356
ISIC_7630611,0.002920195951381101
ISIC_7634090,0.03433809174678591
ISIC_7634548,0.008530478933806988
ISIC_7635292,0.007772264078099276
ISIC_7635759,0.0129722229409786
ISIC_7636162,0.022212847455476865
ISIC_7636412,0.03433809174678591
ISIC_7636842,0.03433809174678591
ISIC_7636930,0.012131003805092005
ISIC_7637046,0.006296305879714682
ISIC_7637844,0.03433809174678591
ISIC_7638072,0.005941811339670448
ISIC_7638885,0.005350620887011314
ISIC_7639606,0.008530478933806988
ISIC_7640239,0.007772264078099276
ISIC_7644360,0.012328910648590203
ISIC_7644866,0.009118787825793676
ISIC_7648104,0.008056864087086356
ISIC_7649184,0.012131003805092005
ISIC_7651307,0.014915344873685754
ISIC_7651538,0.023415645313852162
ISIC_7651760,0.012629440268433077
ISIC_7653328,0.0722848228658311
ISIC_7653431,0.006640600724187732
ISIC_7653459,0.015466518943151947
ISIC_7654609,0.023642728502995952
ISIC_7654704,0.03843927835789775
ISIC_7654912,0.0075476899945982594
ISIC_7656837,0.022212847455476865
ISIC_7656871,0.008056864087086356
ISIC_7657410,0.008530478933806988
ISIC_7657493,0.023642728502995952
ISIC_7658312,0.03203972185253144
ISIC_7660676,0.012131003805092005
ISIC_7662282,0.011700519164688231
ISIC_7663385,0.01976165566860573
ISIC_7664837,0.005941811339670448
ISIC_7665580,0.014915344873685754
ISIC_7665759,0.01740123568596671
ISIC_7667543,0.008056864087086356
ISIC_7667553,0.0055009873008861196
ISIC_7667870,0.019795822322538497
ISIC_7667909,0.00842775661452177
ISIC_7668118,0.01740123568596671
ISIC_7669867,0.014630199843023608
ISIC_7670050,0.04710108907479712
ISIC_7670371,0.004683565060183669
ISIC_7670821,0.0013631177677732816
ISIC_7671624,0.00842775661452177
ISIC_7672975,0.012328910648590203
ISIC_7673649,0.014064874825764078
ISIC_7674913,0.008056864087086356
ISIC_7676262,0.012174434661010843
ISIC_7679064,0.004771489988483082
ISIC_7679244,0.008415931616036676
ISIC_7680573,0.009927804828760723
ISIC_7680807,0.031127334649255597
ISIC_7680917,0.029982022158407822
ISIC_7682110,0.005941811339670448
ISIC_7683015,0.003148152939857341
ISIC_7684185,0.0055009873008861196
ISIC_7684478,0.023642728502995952
ISIC_7685786,0.002920195951381101
ISIC_7686996,0.005350620887011314
ISIC_7689193,0.012174434661010843
ISIC_7691447,0.019791146041157958
ISIC_7692562,0.005941811339670448
ISIC_7694240,0.010503558736325164
ISIC_7695262,0.029982022158407822
ISIC_7697239,0.005350620887011314
ISIC_7697976,0.015126664736954419
ISIC_7701922,0.007772264078099276
ISIC_7704226,0.009952575752890295
ISIC_7708303,0.0055009873008861196
ISIC_7709533,0.02588051704591062
ISIC_7710261,0.001271369456480849
ISIC_7711587,0.022212847455476865
ISIC_7713266,0.004807738528552053
ISIC_7713932,0.023642728502995952
ISIC_7713989,0.008056864087086356
ISIC_7714027,0.007777789616118136
ISIC_7714822,0.018069681554864478
ISIC_7716813,0.009927804828760723
ISIC_7716928,0.018668244138113535
ISIC_7717659,0.015466518943151947
ISIC_7718013,0.023642728502995952
ISIC_7721530,0.0029382760772001847
ISIC_7722840,0.008814828231600553
ISIC_7723435,0.02588051704591062
ISIC_7724330,0.023642728502995952
ISIC_7724827,0.023642728502995952
ISIC_7725016,0.019791146041157958
ISIC_7725861,0.05461988606727832
ISIC_7725975,0.019795822322538497
ISIC_7727226,0.023642728502995952
ISIC_7729234,0.004683565060183669
ISIC_7729460,0.008530478933806988
ISIC_7729587,0.013768010652633004
ISIC_7730708,0.007147158025622071
ISIC_7731397,0.0055009873008861196
ISIC_7731414,0.014630199843023608
ISIC_7733324,0.0055009873008861196
ISIC_7733430,0.03297419037321229
ISIC_7733738,0.005350620887011314
ISIC_7733862,0.004683565060183669
ISIC_7735055,0.02276706569407167
ISIC_7735406,0.004771489988483082
ISIC_7736079,0.007147158025622071
ISIC_7736823,0.03433809174678591
ISIC_7737938,0.005941811339670448
ISIC_7740348,0.005941811339670448
ISIC_7743612,0.023642728502995952
ISIC_7743772,0.004807738528552053
ISIC_7744928,0.008056864087086356
ISIC_7745044,0.014127256148629088
ISIC_7750466,0.012131003805092005
ISIC_7750754,0.008415931616036676
ISIC_7750788,0.09951294310887694
ISIC_7753184,0.02276706569407167
ISIC_7753214,0.006296305879714682
ISIC_7753758,0.015126664736954419
ISIC_7754315,0.009927804828760723
ISIC_7754398,0.023642728502995952
ISIC_7756539,0.007772264078099276
ISIC_7756930,0.019795822322538497
ISIC_7759493,0.0129722229409786
ISIC_7759982,0.001335580035090993
ISIC_7761552,0.012629440268433077
ISIC_7764199,0.0722848228658311
ISIC_7764660,0.003148152939857341
ISIC_7766080,0.018613614520153192
ISIC_7766238,0.008056864087086356
ISIC_7766708,0.014064874825764078
ISIC_7767774,0.02588051704591062
ISIC_7768340,0.009927804828760723
ISIC_7768400,0.014127256148629088
ISIC_7769967,0.019795822322538497
ISIC_7770700,0.02276706569407167
ISIC_7771375,0.014630199843023608
ISIC_7771421,0.03843927835789775
ISIC_7772308,0.023642728502995952
ISIC_7773170,0.012174434661010843
ISIC_7774245,0.018069681554864478
ISIC_7775286,0.009927804828760723
ISIC_7778585,0.007772264078099276
ISIC_7779204,0.015126664736954419
ISIC_7779819,0.00842775661452177
ISIC_7779978,0.012629440268433077
ISIC_7781376,0.043601546446483334
ISIC_7781597,0.029982022158407822
ISIC_7781873,0.008415931616036676
ISIC_7781890,0.0055009873008861196
ISIC_7784350,0.007147158025622071
ISIC_7785460,0.03433809174678591
ISIC_7785749,0.011700519164688231
ISIC_7787814,0.053025144868233696
ISIC_7788266,0.005941811339670448
ISIC_7789951,0.00842775661452177
ISIC_7791160,0.005941811339670448
ISIC_7791220,0.009927804828760723
ISIC_7793652,0.00906790235263338
ISIC_7794460,0.007772264078099276
ISIC_7797301,0.03203972185253144
ISIC_7797473,0.009952575752890295
ISIC_7799170,0.005941811339670448
ISIC_7800364,0.012328910648590203
ISIC_7800457,0.012629440268433077
ISIC_7800797,0.012629440268433077
ISIC_7801187,0.008056864087086356
ISIC_7803451,0.012131003805092005
ISIC_7803555,0.008056864087086356
ISIC_7804153,0.013768010652633004
ISIC_7804428,0.012131003805092005
ISIC_7804487,0.0722848228658311
ISIC_7804865,0.015126664736954419
ISIC_7805224,0.008415931616036676
ISIC_7805245,0.022212847455476865
ISIC_7805593,0.0129722229409786
ISIC_7806397,0.007772264078099276
ISIC_7807204,0.031127334649255597
ISIC_7811647,0.01762965646320111
ISIC_7811700,0.02124106680394157
ISIC_7811942,0.02257937226692887
ISIC_7812392,0.005941811339670448
ISIC_7813650,0.015126664736954419
ISIC_7813701,0.015126664736954419
ISIC_7814337,0.005941811339670448
ISIC_7816515,0.0191434358070837
ISIC_7816675,0.008415931616036676
ISIC_7817967,0.007777789616118136
ISIC_7817990,0.004683565060183669
ISIC_7818146,0.010503558736325164
ISIC_7819230,0.02257937226692887
ISIC_7821689,0.008530478933806988
ISIC_7823407,0.023176330689934875
ISIC_7824107,0.0038325340137393715
ISIC_7825185,0.0129722229409786
ISIC_7825486,0.019795822322538497
ISIC_7827284,0.015126664736954419
ISIC_7830532,0.00598938882998317
ISIC_7832143,0.007772264078099276
ISIC_7832474,0.0191434358070837
ISIC_7833167,0.008415931616036676
ISIC_7833479,0.012131003805092005
ISIC_7834009,0.015725311437139004
ISIC_7834148,0.010280039406081437
ISIC_7835022,0.009927804828760723
ISIC_7835852,0.005509267644750346
ISIC_7836684,0.03843927835789775
ISIC_7837910,0.022212847455476865
ISIC_7838806,0.008530478933806988
ISIC_7838894,0.004683565060183669
ISIC_7840746,0.023642728502995952
ISIC_7841575,0.003148152939857341
ISIC_7842034,0.031312262271327655
ISIC_7842633,0.014630199843023608
ISIC_7842792,0.01689884214140311
ISIC_7844066,0.00598938882998317
ISIC_7844469,0.0055009873008861196
ISIC_7844923,0.015126664736954419
ISIC_7844958,0.014630199843023608
ISIC_7845660,0.012629440268433077
ISIC_7845902,0.007777789616118136
ISIC_7846243,0.011700519164688231
ISIC_7847120,0.004807738528552053
ISIC_7847196,0.005350620887011314
ISIC_7848111,0.022212847455476865
ISIC_7848571,0.006640600724187732
ISIC_7849540,0.005350620887011314
ISIC_7849547,0.004683565060183669
ISIC_7849771,0.005350620887011314
ISIC_7851287,0.005941811339670448
ISIC_7851934,0.029982022158407822
ISIC_7852466,0.001335580035090993
ISIC_7853900,0.004807738528552053
ISIC_7857142,0.010503558736325164
ISIC_7857527,0.03203972185253144
ISIC_7857675,0.02588051704591062
ISIC_7858876,0.0722848228658311
ISIC_7858885,0.008056864087086356
ISIC_7860512,0.019795822322538497
ISIC_7861832,0.02124106680394157
ISIC_7862347,0.012629440268433077
ISIC_7863452,0.010537040391233472
ISIC_7863462,0.03433809174678591
ISIC_7863592,0.018668244138113535
ISIC_7863624,0.01740123568596671
ISIC_7865262,0.0722848228658311
ISIC_7866404,0.0129722229409786
ISIC_7868409,0.008056864087086356
ISIC_7868581,0.008415931616036676
ISIC_7868623,0.03019259795930689
ISIC_7870905,0.0055009873008861196
ISIC_7872575,0.008056864087086356
ISIC_7873093,0.015126664736954419
ISIC_7873500,0.008415931616036676
ISIC_7876012,0.00598938882998317
ISIC_7876842,0.014127256148629088
ISIC_7877822,0.005941811339670448
ISIC_7878791,0.03433809174678591
ISIC_7880400,0.004683565060183669
ISIC_7880765,0.014127256148629088
ISIC_7881142,0.004683565060183669
ISIC_7881449,0.005941811339670448
ISIC_7881583,0.03398822797002655
ISIC_7882123,0.0055009873008861196
ISIC_7883705,0.012328910648590203
ISIC_7883751,0.007772264078099276
ISIC_7883929,0.005941811339670448
ISIC_7884316,0.013452507403621503
ISIC_7885342,0.02588051704591062
ISIC_7888244,0.005350620887011314
ISIC_7888355,0.008056864087086356
ISIC_7888758,0.014915344873685754
ISIC_7889097,0.012328910648590203
ISIC_7889482,0.004807738528552053
ISIC_7889564,0.0129722229409786
ISIC_7892693,0.0075476899945982594
ISIC_7892768,0.015126664736954419
ISIC_7894734,0.023642728502995952
ISIC_7896855,0.0129722229409786
ISIC_7898290,0.005941811339670448
ISIC_7901393,0.015126664736954419
ISIC_7901644,0.004683565060183669
ISIC_7902129,0.031127334649255597
ISIC_7902499,0.004807738528552053
ISIC_7903252,0.010503558736325164
ISIC_7904343,0.03398822797002655
ISIC_7904453,0.019795822322538497
ISIC_7904829,0.0721550682608462
ISIC_7906425,0.023642728502995952
ISIC_7906709,0.008530478933806988
ISIC_7907818,0.004807738528552053
ISIC_7909075,0.00842775661452177
ISIC_7910179,0.03203972185253144
ISIC_7911643,0.03843927835789775
ISIC_7912500,0.008530478933806988
ISIC_7913461,0.008056864087086356
ISIC_7914846,0.002920195951381101
ISIC_7916227,0.05461988606727832
ISIC_7916312,0.004807738528552053
ISIC_7916620,0.015126664736954419
ISIC_7917687,0.0722848228658311
ISIC_7918339,0.03843927835789775
ISIC_7918881,0.005350620887011314
ISIC_7920209,0.009927804828760723
ISIC_7920594,0.019795822322538497
ISIC_7921257,0.012328910648590203
ISIC_7921623,0.007772264078099276
ISIC_7922587,0.013452507403621503
ISIC_7922679,0.007835449297397983
ISIC_7923162,0.008056864087086356
ISIC_7925249,0.005941811339670448
ISIC_7925427,0.014915344873685754
ISIC_7926183,0.015126664736954419
ISIC_7927194,0.014630199843023608
ISIC_7927766,0.03297419037321229
ISIC_7927872,0.012131003805092005
ISIC_7928520,0.010503558736325164
ISIC_7933766,0.03433809174678591
ISIC_7933974,0.005941811339670448
ISIC_7934933,0.014127256148629088
ISIC_7936809,0.008056864087086356
ISIC_7937038,0.02298990630814576
ISIC_7939244,0.004683565060183669
ISIC_7940557,0.06560684379920026
ISIC_7941445,0.005350620887011314
ISIC_7941553,0.005941811339670448
ISIC_7941883,0.007772264078099276
ISIC_7942433,0.0032249371579026417
ISIC_7943903,0.032818041260116185
ISIC_7944846,0.0029382760772001847
ISIC_7945119,0.004683565060183669
ISIC_7945607,0.004683565060183669
ISIC_7945724,0.005941811339670448
ISIC_7946199,0.0075476899945982594
ISIC_7949118,0.0075476899945982594
ISIC_7949783,0.0722848228658311
ISIC_7951953,0.00906790235263338
ISIC_7952322,0.012629440268433077
ISIC_7953193,0.015126664736954419
ISIC_7953713,0.015126664736954419
ISIC_7954851,0.014915344873685754
ISIC_7956211,0.010537040391233472
ISIC_7956477,0.015126664736954419
ISIC_7956498,0.005941811339670448
ISIC_7956738,0.00598938882998317
ISIC_7957811,0.015126664736954419
ISIC_7958352,0.009927804828760723
ISIC_7958450,0.03297419037321229
ISIC_7958931,0.007835449297397983
ISIC_7960162,0.008530478933806988
ISIC_7960593,0.012328910648590203
ISIC_7960890,0.03203972185253144
ISIC_7965714,0.0721550682608462
ISIC_7968234,0.03297419037321229
ISIC_7969416,0.008056864087086356
ISIC_7969438,0.015126664736954419
ISIC_7969975,0.001271369456480849
ISIC_7971064,0.0075476899945982594
ISIC_7973774,0.0055009873008861196
ISIC_7974344,0.01728583852632074
ISIC_7974685,0.03433809174678591
ISIC_7974758,0.008415931616036676
ISIC_7975018,0.02276706569407167
ISIC_7975210,0.02124106680394157
ISIC_7975592,0.01740123568596671
ISIC_7977981,0.00906790235263338
ISIC_7978366,0.0035735790128110356
ISIC_7979400,0.02276706569407167
ISIC_7979665,0.031312262271327655
ISIC_7980142,0.002920195951381101
ISIC_7980890,0.05461988606727832
ISIC_7981055,0.01740123568596671
ISIC_7985558,0.0075476899945982594
ISIC_7989307,0.003148152939857341
ISIC_7989840,0.0722848228658311
ISIC_7990745,0.007772264078099276
ISIC_7991392,0.007835449297397983
ISIC_7991645,0.019795822322538497
ISIC_7993351,0.012174434661010843
ISIC_7994140,0.004807738528552053
ISIC_7997292,0.008415931616036676
ISIC_8000714,0.008415931616036676
ISIC_8001340,0.03019259795930689
ISIC_8004821,0.015126664736954419
ISIC_8005591,0.0055009873008861196
ISIC_8006141,0.02124106680394157
ISIC_8007168,0.007147158025622071
ISIC_8007613,0.005941811339670448
ISIC_8008461,0.005941811339670448
ISIC_8008539,0.04350308921491678
ISIC_8009293,0.014630199843023608
ISIC_8010841,0.002920195951381101
ISIC_8012767,0.01740123568596671
ISIC_8013088,0.008415931616036676
ISIC_8013704,0.02276706569407167
ISIC_8013716,0.004807738528552053
ISIC_8014287,0.02124106680394157
ISIC_8016698,0.012629440268433077
ISIC_8019954,0.018668244138113535
ISIC_8020026,0.00598938882998317
ISIC_8020607,0.0055009873008861196
ISIC_8022718,0.0028434929779356626
ISIC_8024498,0.014630199843023608
ISIC_8025113,0.015126664736954419
ISIC_8025564,0.009927804828760723
ISIC_8026202,0.006640600724187732
ISIC_8027667,0.015126664736954419
ISIC_8027814,0.014630199843023608
ISIC_8028289,0.010503558736325164
ISIC_8028656,0.0722848228658311
ISIC_8028980,0.012629440268433077
ISIC_8031116,0.007147158025622071
ISIC_8033099,0.018668244138113535
ISIC_8033665,0.014630199843023608
ISIC_8033709,0.03843927835789775
ISIC_8035472,0.0129722229409786
ISIC_8036430,0.005941811339670448
ISIC_8037579,0.00598938882998317
ISIC_8038522,0.005350620887011314
ISIC_8039440,0.0722848228658311
ISIC_8039634,0.005941811339670448
ISIC_8039807,0.005941811339670448
ISIC_8040956,0.009952575752890295
ISIC_8041172,0.0722848228658311
ISIC_8041225,0.015126664736954419
ISIC_8044130,0.0721550682608462
ISIC_8044344,0.004683565060183669
ISIC_8044413,0.0075476899945982594
ISIC_8045425,0.00842775661452177
ISIC_8045557,0.01740123568596671
ISIC_8047435,0.0129722229409786
ISIC_8047968,0.013768010652633004
ISIC_8048128,0.0429848807511717
ISIC_8049681,0.015126664736954419
ISIC_8051370,0.015126664736954419
ISIC_8051940,0.014630199843023608
ISIC_8053854,0.004771489988483082
ISIC_8054005,0.007777789616118136
ISIC_8055481,0.012629440268433077
ISIC_8055634,0.03398822797002655
ISIC_8057719,0.008415931616036676
ISIC_8059373,0.012131003805092005
ISIC_8059418,0.012328910648590203
ISIC_8059429,0.00987847536678138
ISIC_8061326,0.04214816156493389
ISIC_8061920,0.009927804828760723
ISIC_8067273,0.014630199843023608
ISIC_8068859,0.00842775661452177
ISIC_8069286,0.01740123568596671
ISIC_8069328,0.03203972185253144
ISIC_8070989,0.008530478933806988
ISIC_8071492,0.02588051704591062
ISIC_8073268,0.0075476899945982594
ISIC_8073647,0.019795822322538497
ISIC_8074114,0.008056864087086356
ISIC_8074146,0.005941811339670448
ISIC_8075068,0.019795822322538497
ISIC_8076888,0.0055009873008861196
ISIC_8078528,0.0075476899945982594
ISIC_8080067,0.018613614520153192
ISIC_8081455,0.002920195951381101
ISIC_8081492,0.008056864087086356
ISIC_8082371,0.01728583852632074
ISIC_8082888,0.012629440268433077
ISIC_8083361,0.01740123568596671
ISIC_8083476,0.008415931616036676
ISIC_8085125,0.02588051704591062
ISIC_8085301,0.023642728502995952
ISIC_8086580,0.00842775661452177
ISIC_8087657,0.0722848228658311
ISIC_8089398,0.01740123568596671
ISIC_8090755,0.008530478933806988
ISIC_8093359,0.015126664736954419
ISIC_8094234,0.007835449297397983
ISIC_8094277,0.007147158025622071
ISIC_8094551,0.014915344873685754
ISIC_8094608,0.012131003805092005
ISIC_8096988,0.014915344873685754
ISIC_8097670,0.013452507403621503
ISIC_8098102,0.015466518943151947
ISIC_8098680,0.012131003805092005
ISIC_8100028,0.023642728502995952
ISIC_8100072,0.005941811339670448
ISIC_8100969,0.011018535289500692
ISIC_8100972,0.02124106680394157
ISIC_8102346,0.013743965727695834
ISIC_8102413,0.008056864087086356
ISIC_8103951,0.029982022158407822
ISIC_8105127,0.022212847455476865
ISIC_8106167,0.018069681554864478
ISIC_8106490,0.008415931616036676
ISIC_8107379,0.023642728502995952
ISIC_8107929,0.018668244138113535
ISIC_8108065,0.005941811339670448
ISIC_8108132,0.023642728502995952
ISIC_8108470,0.07419192833972765
ISIC_8109696,0.07962060602312236
ISIC_8110085,0.018613614520153192
ISIC_8110338,0.04515874453385774
ISIC_8111522,0.011707822656926081
ISIC_8111571,0.012174434661010843
ISIC_8111800,0.011018535289500692
ISIC_8113016,0.018668244138113535
ISIC_8113829,0.023642728502995952
ISIC_8115185,0.015126664736954419
ISIC_8115282,0.012629440268433077
ISIC_8115955,0.014915344873685754
ISIC_8118820,0.008056864087086356
ISIC_8119887,0.014630199843023608
ISIC_8119925,0.005941811339670448
ISIC_8120614,0.013768010652633004
ISIC_8122278,0.008056864087086356
ISIC_8122560,0.005941811339670448
ISIC_8123029,0.001271369456480849
ISIC_8125150,0.019795822322538497
ISIC_8128662,0.012328910648590203
ISIC_8128698,0.013768010652633004
ISIC_8129257,0.0721550682608462
ISIC_8129913,0.018668244138113535
ISIC_8130168,0.014630199843023608
ISIC_8130468,0.0129722229409786
ISIC_8131069,0.008530478933806988
ISIC_8131501,0.004771489988483082
ISIC_8131838,0.018668244138113535
ISIC_8133136,0.019795822322538497
ISIC_8134340,0.014630199843023608
ISIC_8134560,0.012131003805092005
ISIC_8135508,0.014127256148629088
ISIC_8135585,0.0055009873008861196
ISIC_8135896,0.018668244138113535
ISIC_8136476,0.004722229409786011
ISIC_8136608,0.023642728502995952
ISIC_8138606,0.014127256148629088
ISIC_8138916,0.03060723748225591
ISIC_8139780,0.005941811339670448
ISIC_8143813,0.012629440268433077
ISIC_8143966,0.005941811339670448
ISIC_8144137,0.01976165566860573
ISIC_8145729,0.00987847536678138
ISIC_8147475,0.012328910648590203
ISIC_8149637,0.008056864087086356
ISIC_8149766,0.007835449297397983
ISIC_8150759,0.018069681554864478
ISIC_8151681,0.014127256148629088
ISIC_8153919,0.007772264078099276
ISIC_8154548,0.0055009873008861196
ISIC_8155289,0.005941811339670448
ISIC_8156694,0.012131003805092005
ISIC_8157391,0.011700519164688231
ISIC_8158357,0.023642728502995952
ISIC_8158759,0.002920195951381101
ISIC_8159272,0.005941811339670448
ISIC_8159613,0.03843927835789775
ISIC_8160347,0.008056864087086356
ISIC_8161072,0.014127256148629088
ISIC_8161378,0.012629440268433077
ISIC_8161413,0.014915344873685754
ISIC_8161707,0.005941811339670448
ISIC_8163612,0.0129722229409786
ISIC_8165385,0.02124106680394157
ISIC_8165786,0.019791146041157958
ISIC_8166112,0.005941811339670448
ISIC_8166745,0.006640600724187732
ISIC_8167408,0.012328910648590203
ISIC_8168431,0.005350620887011314
ISIC_8170270,0.008415931616036676
ISIC_8171556,0.00598938882998317
ISIC_8172884,0.03398822797002655
ISIC_8173513,0.008415931616036676
ISIC_8173707,0.005941811339670448
ISIC_8176110,0.007772264078099276
ISIC_8176711,0.01689884214140311
ISIC_8178489,0.024793036214666993
ISIC_8178720,0.04710108907479712
ISIC_8179466,0.015126664736954419
ISIC_8179931,0.03433809174678591
ISIC_8179996,0.0055009873008861196
ISIC_8180313,0.007772264078099276
ISIC_8182216,0.01740123568596671
ISIC_8182301,0.007772264078099276
ISIC_8182799,0.014127256148629088
ISIC_8185199,0.007772264078099276
ISIC_8185342,0.01976165566860573
ISIC_8187725,0.02588051704591062
ISIC_8187908,0.023642728502995952
ISIC_8188328,0.010537040391233472
ISIC_8188409,0.009927804828760723
ISIC_8189421,0.014630199843023608
ISIC_8190844,0.002920195951381101
ISIC_8191000,0.03433809174678591
ISIC_8191278,0.031312262271327655
ISIC_8192717,0.005509267644750346
ISIC_8194816,0.09685926462597355
ISIC_8195106,0.0038325340137393715
ISIC_8195234,0.19300926764475035
ISIC_8196059,0.014630199843023608
ISIC_8196535,0.014127256148629088
ISIC_8196688,0.0129722229409786
ISIC_8197106,0.0055009873008861196
ISIC_8199232,0.014127256148629088
ISIC_8200009,0.0129722229409786
ISIC_8200346,0.018613614520153192
ISIC_8200852,0.008415931616036676
ISIC_8200860,0.009118787825793676
ISIC_8202664,0.031127334649255597
ISIC_8203599,0.023642728502995952
ISIC_8203630,0.015126664736954419
ISIC_8205569,0.014127256148629088
ISIC_8206728,0.006959074919684648
ISIC_8207167,0.002920195951381101
ISIC_8208627,0.00906790235263338
ISIC_8208821,0.011700519164688231
ISIC_8209167,0.00598938882998317
ISIC_8209208,0.023642728502995952
ISIC_8210669,0.010537040391233472
ISIC_8211041,0.03019259795930689
ISIC_8212176,0.013452507403621503
ISIC_8213583,0.023642728502995952
ISIC_8216046,0.004807738528552053
ISIC_8216187,0.008056864087086356
ISIC_8216617,0.023642728502995952
ISIC_8217534,0.00842775661452177
ISIC_8217753,0.03398822797002655
ISIC_8218124,0.015126664736954419
ISIC_8219282,0.008530478933806988
ISIC_8220033,0.03433809174678591
ISIC_8223063,0.03060723748225591
ISIC_8223262,0.00842775661452177
ISIC_8224453,0.015126664736954419
ISIC_8225764,0.0075476899945982594
ISIC_8229220,0.018668244138113535
ISIC_8231727,0.014630199843023608
ISIC_8232175,0.04222222620740611
ISIC_8232490,0.07128086699269456
ISIC_8232642,0.007772264078099276
ISIC_8234611,0.01728583852632074
ISIC_8238434,0.007772264078099276
ISIC_8238755,0.012629440268433077
ISIC_8238831,0.012131003805092005
ISIC_8239619,0.014630199843023608
ISIC_8240408,0.0055009873008861196
ISIC_8242793,0.0055009873008861196
ISIC_8243766,0.019795822322538497
ISIC_8243811,0.0129722229409786
ISIC_8244515,0.03831651051357626
ISIC_8246087,0.005941811339670448
ISIC_8247144,0.004683565060183669
ISIC_8247453,0.008530478933806988
ISIC_8247638,0.013452507403621503
ISIC_8248976,0.01740123568596671
ISIC_8250062,0.005941811339670448
ISIC_8250627,0.008530478933806988
ISIC_8251076,0.0722848228658311
ISIC_8252182,0.005350620887011314
ISIC_8252470,0.0075476899945982594
ISIC_8252760,0.008415931616036676
ISIC_8253208,0.014915344873685754
ISIC_8253521,0.00598938882998317
ISIC_8253975,0.009952575752890295
ISIC_8256702,0.019791146041157958
ISIC_8258916,0.03433809174678591
ISIC_8259540,0.012174434661010843
ISIC_8263010,0.03398822797002655
ISIC_8263315,0.022212847455476865
ISIC_8263829,0.053025144868233696
ISIC_8266219,0.0038325340137393715
ISIC_8267340,0.03433809174678591
ISIC_8267789,0.015126664736954419
ISIC_8269187,0.03433809174678591
ISIC_8270879,0.024793036214666993
ISIC_8274465,0.03203972185253144
ISIC_8274649,0.007772264078099276
ISIC_8276011,0.004771489988483082
ISIC_8277903,0.002920195951381101
ISIC_8278493,0.023176330689934875
ISIC_8279605,0.006296305879714682
ISIC_8280147,0.009952575752890295
ISIC_8280164,0.015126664736954419
ISIC_8280969,0.00598938882998317
ISIC_8282150,0.001271369456480849
ISIC_8282272,0.014127256148629088
ISIC_8282882,0.018613614520153192
ISIC_8283552,0.012629440268433077
ISIC_8284060,0.008415931616036676
ISIC_8284738,0.013768010652633004
ISIC_8285583,0.04350308921491678
ISIC_8285604,0.010503558736325164
ISIC_8285611,0.004807738528552053
ISIC_8286820,0.012131003805092005
ISIC_8290327,0.014127256148629088
ISIC_8290815,0.0013156460047165006
ISIC_8291926,0.00906790235263338
ISIC_8293323,0.0722848228658311
ISIC_8293750,0.008530478933806988
ISIC_8294494,0.022212847455476865
ISIC_8294587,0.01976165566860573
ISIC_8295052,0.02588051704591062
ISIC_8296738,0.019795822322538497
ISIC_8296794,0.012131003805092005
ISIC_8298051,0.007772264078099276
ISIC_8298064,0.0075476899945982594
ISIC_8299116,0.012328910648590203
ISIC_8299739,0.012131003805092005
ISIC_8299780,0.008530478933806988
ISIC_8301281,0.031127334649255597
ISIC_8302863,0.007772264078099276
ISIC_8303031,0.014127256148629088
ISIC_8304677,0.015126664736954419
ISIC_8305326,0.023176330689934875
ISIC_8305723,0.010537040391233472
ISIC_8305995,0.005941811339670448
ISIC_8307265,0.00598938882998317
ISIC_8310539,0.043601546446483334
ISIC_8310711,0.012328910648590203
ISIC_8311869,0.008415931616036676
ISIC_8312411,0.005941811339670448
ISIC_8313489,0.008056864087086356
ISIC_8313831,0.0129722229409786
ISIC_8314801,0.008415931616036676
ISIC_8315094,0.04222222620740611
ISIC_8316514,0.01740123568596671
ISIC_8318169,0.03433809174678591
ISIC_8319946,0.023642728502995952
ISIC_8321575,0.005941811339670448
ISIC_8322833,0.03433809174678591
ISIC_8323806,0.015466518943151947
ISIC_8325595,0.015126664736954419
ISIC_8327784,0.010577793877920665
ISIC_8328232,0.00906790235263338
ISIC_8328484,0.015126664736954419
ISIC_8331130,0.00906790235263338
ISIC_8332176,0.007147158025622071
ISIC_8332544,0.012629440268433077
ISIC_8332685,0.013452507403621503
ISIC_8334170,0.015126664736954419
ISIC_8334342,0.03433809174678591
ISIC_8335421,0.0055009873008861196
ISIC_8336115,0.012629440268433077
ISIC_8336838,0.012629440268433077
ISIC_8337611,0.01740123568596671
ISIC_8338699,0.005941811339670448
ISIC_8339041,0.001335580035090993
ISIC_8340210,0.010537040391233472
ISIC_8340869,0.014915344873685754
ISIC_8341368,0.004683565060183669
ISIC_8341620,0.008056864087086356
ISIC_8341922,0.007772264078099276
ISIC_8344285,0.023642728502995952
ISIC_8344755,0.005941811339670448
ISIC_8345288,0.0429848807511717
ISIC_8346281,0.005350620887011314
ISIC_8347588,0.03433809174678591
ISIC_8350329,0.00842775661452177
ISIC_8352015,0.010503558736325164
ISIC_8352016,0.00598938882998317
ISIC_8353253,0.0129722229409786
ISIC_8354561,0.019795822322538497
ISIC_8354874,0.0721550682608462
ISIC_8356940,0.0075476899945982594
ISIC_8357411,0.005941811339670448
ISIC_8357923,0.004683565060183669
ISIC_8359407,0.02588051704591062
ISIC_8360165,0.015126664736954419
ISIC_8362547,0.008530478933806988
ISIC_8362909,0.03843927835789775
ISIC_8363542,0.0078052151046173876
ISIC_8364533,0.008530478933806988
ISIC_8366946,0.012131003805092005
ISIC_8367371,0.013452507403621503
ISIC_8368715,0.014630199843023608
ISIC_8369268,0.014630199843023608
ISIC_8369765,0.005941811339670448
ISIC_8370263,0.02257937226692887
ISIC_8370269,0.007772264078099276
ISIC_8370736,0.02257937226692887
ISIC_8371098,0.04350308921491678
ISIC_8371335,0.023642728502995952
ISIC_8371546,0.023642728502995952
ISIC_8372206,0.06735962201019373
ISIC_8372452,0.015466518943151947
ISIC_8373471,0.004683565060183669
ISIC_8373691,0.00598938882998317
ISIC_8374182,0.015466518943151947
ISIC_8375281,0.009927804828760723
ISIC_8375292,0.0075476899945982594
ISIC_8379427,0.005941811339670448
ISIC_8379889,0.013768010652633004
ISIC_8380448,0.008056864087086356
ISIC_8380991,0.013743965727695834
ISIC_8384497,0.012629440268433077
ISIC_8384874,0.007772264078099276
ISIC_8386329,0.007835449297397983
ISIC_8386691,0.005941811339670448
ISIC_8386959,0.004771489988483082
ISIC_8389896,0.002920195951381101
ISIC_8390230,0.012174434661010843
ISIC_8392134,0.014127256148629088
ISIC_8393618,0.015126664736954419
ISIC_8397422,0.01976165566860573
ISIC_8397575,0.007835449297397983
ISIC_8399776,0.019791146041157958
ISIC_8402252,0.009927804828760723
ISIC_8402882,0.0129722229409786
ISIC_8402960,0.008415931616036676
ISIC_8404725,0.015126664736954419
ISIC_8405160,0.005350620887011314
ISIC_8405212,0.005941811339670448
ISIC_8407148,0.03433809174678591
ISIC_8408444,0.008056864087086356
ISIC_8409612,0.008415931616036676
ISIC_8409838,0.013768010652633004
ISIC_8409913,0.004683565060183669
ISIC_8410986,0.013452507403621503
ISIC_8412460,0.007772264078099276
ISIC_8413391,0.012131003805092005
ISIC_8414455,0.015126664736954419
ISIC_8415134,0.019795822322538497
ISIC_8415934,0.014630199843023608
ISIC_8416956,0.0129722229409786
ISIC_8417195,0.014630199843023608
ISIC_8419043,0.015466518943151947
ISIC_8419052,0.013768010652633004
ISIC_8419210,0.007772264078099276
ISIC_8423177,0.03433809174678591
ISIC_8424539,0.015466518943151947
ISIC_8424579,0.019791146041157958
ISIC_8424661,0.019795822322538497
ISIC_8424990,0.022212847455476865
ISIC_8425779,0.19300926764475035
ISIC_8429000,0.014630199843023608
ISIC_8430333,0.019795822322538497
ISIC_8430358,0.012174434661010843
ISIC_8430720,0.005941811339670448
ISIC_8432512,0.014915344873685754
ISIC_8432732,0.02588051704591062
ISIC_8432957,0.022212847455476865
ISIC_8435488,0.008056864087086356
ISIC_8437178,0.012629440268433077
ISIC_8437497,0.02124106680394157
ISIC_8439105,0.012131003805092005
ISIC_8439124,0.011700519164688231
ISIC_8439859,0.008415931616036676
ISIC_8440465,0.005941811339670448
ISIC_8441334,0.008056864087086356
ISIC_8441463,0.023415645313852162
ISIC_8441864,0.004683565060183669
ISIC_8443566,0.012629440268433077
ISIC_8443707,0.00987847536678138
ISIC_8443990,0.015466518943151947
ISIC_8444130,0.007772264078099276
ISIC_8444333,0.007835449297397983
ISIC_8444587,0.010503558736325164
ISIC_8445182,0.013452507403621503
ISIC_8445938,0.03433809174678591
ISIC_8446191,0.0129722229409786
ISIC_8447107,0.03433809174678591
ISIC_8448167,0.00987847536678138
ISIC_8448528,0.013452507403621503
ISIC_8450504,0.008056864087086356
ISIC_8451459,0.012131003805092005
ISIC_8451738,0.010280039406081437
ISIC_8452182,0.005350620887011314
ISIC_8453229,0.018069681554864478
ISIC_8453333,0.007772264078099276
ISIC_8453693,0.012131003805092005
ISIC_8454848,0.009952575752890295
ISIC_8455665,0.012629440268433077
ISIC_8456118,0.004683565060183669
ISIC_8457788,0.015126664736954419
ISIC_8459597,0.03297419037321229
ISIC_8460973,0.0129722229409786
ISIC_8461483,0.014127256148629088
ISIC_8461939,0.005941811339670448
ISIC_8466497,0.00598938882998317
ISIC_8468029,0.0129722229409786
ISIC_8469607,0.008415931616036676
ISIC_8470330,0.03060723748225591
ISIC_8471690,0.012629440268433077
ISIC_8472353,0.011018535289500692
ISIC_8472528,0.012328910648590203
ISIC_8472542,0.012131003805092005
ISIC_8472675,0.023642728502995952
ISIC_8473523,0.005350620887011314
ISIC_8473706,0.012131003805092005
ISIC_8474368,0.031312262271327655
ISIC_8474376,0.015126664736954419
ISIC_8474980,0.014064874825764078
ISIC_8475293,0.008056864087086356
ISIC_8476628,0.019795822322538497
ISIC_8477203,0.03433809174678591
ISIC_8477641,0.03433809174678591
ISIC_8477756,0.015126664736954419
ISIC_8477949,0.014630199843023608
ISIC_8478992,0.0721550682608462
ISIC_8479594,0.003148152939857341
ISIC_8481436,0.008415931616036676
ISIC_8481618,0.008056864087086356
ISIC_8482652,0.019795822322538497
ISIC_8482659,0.023642728502995952
ISIC_8483428,0.009927804828760723
ISIC_8483677,0.009444458819572022
ISIC_8487046,0.009927804828760723
ISIC_8488103,0.0129722229409786
ISIC_8488212,0.004683565060183669
ISIC_8488326,0.0055009873008861196
ISIC_8492299,0.009927804828760723
ISIC_8493711,0.006640600724187732
ISIC_8495271,0.023642728502995952
ISIC_8496171,0.0028434929779356626
ISIC_8496997,0.014915344873685754
ISIC_8497203,0.023642728502995952
ISIC_8497431,0.013768010652633004
ISIC_8499885,0.008056864087086356
ISIC_8501183,0.015126664736954419
ISIC_8502049,0.013768010652633004
ISIC_8503349,0.005941811339670448
ISIC_8503681,0.014915344873685754
ISIC_8503714,0.007835449297397983
ISIC_8504151,0.03203972185253144
ISIC_8504548,0.01740123568596671
ISIC_8506354,0.007772264078099276
ISIC_8509539,0.012174434661010843
ISIC_8509703,0.001271369456480849
ISIC_8510555,0.006640600724187732
ISIC_8511501,0.014630199843023608
ISIC_8511669,0.01976165566860573
ISIC_8515579,0.03433809174678591
ISIC_8515796,0.005941811339670448
ISIC_8515857,0.014915344873685754
ISIC_8517129,0.0055009873008861196
ISIC_8517928,0.0038325340137393715
ISIC_8518143,0.0038325340137393715
ISIC_8520181,0.1360185352895007
ISIC_8520278,0.03433809174678591
ISIC_8521108,0.005941811339670448
ISIC_8525942,0.012131003805092005
ISIC_8526421,0.015126664736954419
ISIC_8526946,0.005941811339670448
ISIC_8527595,0.014127256148629088
ISIC_8527640,0.00598938882998317
ISIC_8529178,0.008415931616036676
ISIC_8531444,0.02257937226692887
ISIC_8532318,0.015126664736954419
ISIC_8532460,0.005350620887011314
ISIC_8532615,0.012629440268433077
ISIC_8533492,0.008415931616036676
ISIC_8535552,0.03843927835789775
ISIC_8537801,0.005941811339670448
ISIC_8538346,0.00906790235263338
ISIC_8538657,0.00842775661452177
ISIC_8538917,0.023642728502995952
ISIC_8538920,0.00906790235263338
ISIC_8539371,0.005350620887011314
ISIC_8541427,0.011700519164688231
ISIC_8542244,0.01740123568596671
ISIC_8542563,0.0075476899945982594
ISIC_8544337,0.008530478933806988
ISIC_8544906,0.00598938882998317
ISIC_8546598,0.012174434661010843
ISIC_8546808,0.023642728502995952
ISIC_8549378,0.03203972185253144
ISIC_8551002,0.012131003805092005
ISIC_8551580,0.015725311437139004
ISIC_8553381,0.005941811339670448
ISIC_8553859,0.012131003805092005
ISIC_8554769,0.03060723748225591
ISIC_8556045,0.019791146041157958
ISIC_8556548,0.009118787825793676
ISIC_8557216,0.01976165566860573
ISIC_8558857,0.00598938882998317
ISIC_8559362,0.0055009873008861196
ISIC_8562507,0.009927804828760723
ISIC_8562855,0.0013631177677732816
ISIC_8562955,0.012131003805092005
ISIC_8566029,0.013452507403621503
ISIC_8568470,0.07128086699269456
ISIC_8569603,0.03203972185253144
ISIC_8570212,0.012131003805092005
ISIC_8570369,0.014630199843023608
ISIC_8570643,0.004683565060183669
ISIC_8570719,0.03398822797002655
ISIC_8570923,0.005876552154400369
ISIC_8572342,0.0027262355355465633
ISIC_8572576,0.015126664736954419
ISIC_8573228,0.010503558736325164
ISIC_8573752,0.007835449297397983
ISIC_8574381,0.012131003805092005
ISIC_8574400,0.012174434661010843
ISIC_8576019,0.053025144868233696
ISIC_8576575,0.0721550682608462
ISIC_8578130,0.00906790235263338
ISIC_8580508,0.03433809174678591
ISIC_8581330,0.009927804828760723
ISIC_8581411,0.0129722229409786
ISIC_8581934,0.008056864087086356
ISIC_8583322,0.008056864087086356
ISIC_8588789,0.005941811339670448
ISIC_8589451,0.023642728502995952
ISIC_8590131,0.014915344873685754
ISIC_8591728,0.023642728502995952
ISIC_8592885,0.012629440268433077
ISIC_8593129,0.015725311437139004
ISIC_8596085,0.005941811339670448
ISIC_8600691,0.008056864087086356
ISIC_8600924,0.053025144868233696
ISIC_8601288,0.001335580035090993
ISIC_8602499,0.0055009873008861196
ISIC_8604723,0.018668244138113535
ISIC_8605641,0.02588051704591062
ISIC_8605723,0.03433809174678591
ISIC_8606951,0.0055009873008861196
ISIC_8607491,0.008056864087086356
ISIC_8607562,0.012131003805092005
ISIC_8609145,0.015126664736954419
ISIC_8611354,0.012629440268433077
ISIC_8612112,0.012629440268433077
ISIC_8612981,0.00842775661452177
ISIC_8613602,0.01740123568596671
ISIC_8613848,0.014630199843023608
ISIC_8614095,0.0075476899945982594
ISIC_8615435,0.02276706569407167
ISIC_8616497,0.012328910648590203
ISIC_8616859,0.019795822322538497
ISIC_8618676,0.029982022158407822
ISIC_8619144,0.018668244138113535
ISIC_8619565,0.02276706569407167
ISIC_8620474,0.004807738528552053
ISIC_8620516,0.03843927835789775
ISIC_8622019,0.022212847455476865
ISIC_8623375,0.004683565060183669
ISIC_8623387,0.014630199843023608
ISIC_8625730,0.00842775661452177
ISIC_8625822,0.007835449297397983
ISIC_8625989,0.004683565060183669
ISIC_8626011,0.03398822797002655
ISIC_8626442,0.012328910648590203
ISIC_8627665,0.008530478933806988
ISIC_8627702,0.03398822797002655
ISIC_8627791,0.023642728502995952
ISIC_8629307,0.07128086699269456
ISIC_8630965,0.015126664736954419
ISIC_8630968,0.015126664736954419
ISIC_8631003,0.005941811339670448
ISIC_8631345,0.0129722229409786
ISIC_8632205,0.0075476899945982594
ISIC_8632904,0.08200855474900032
ISIC_8634730,0.023642728502995952
ISIC_8634773,0.012131003805092005
ISIC_8636180,0.013768010652633004
ISIC_8636351,0.008056864087086356
ISIC_8637657,0.008056864087086356
ISIC_8638834,0.019791146041157958
ISIC_8640384,0.004683565060183669
ISIC_8641097,0.0721550682608462
ISIC_8641927,0.005350620887011314
ISIC_8642571,0.009927804828760723
ISIC_8642588,0.008056864087086356
ISIC_8642622,0.009118787825793676
ISIC_8643238,0.011700519164688231
ISIC_8645734,0.0722848228658311
ISIC_8645931,0.0129722229409786
ISIC_8648368,0.005350620887011314
ISIC_8648668,0.004771489988483082
ISIC_8649904,0.014630199843023608
ISIC_8650022,0.004771489988483082
ISIC_8651294,0.012131003805092005
ISIC_8651681,0.008056864087086356
ISIC_8652577,0.004683565060183669
ISIC_8652658,0.00842775661452177
ISIC_8652723,0.0191434358070837
ISIC_8653840,0.03203972185253144
ISIC_8654139,0.02588051704591062
ISIC_8654232,0.012328910648590203
ISIC_8655245,0.006640600724187732
ISIC_8655348,0.00906790235263338
ISIC_8655397,0.005941811339670448
ISIC_8655515,0.014127256148629088
ISIC_8655808,0.014127256148629088
ISIC_8656428,0.002920195951381101
ISIC_8656544,0.02276706569407167
ISIC_8657008,0.015466518943151947
ISIC_8658410,0.00906790235263338
ISIC_8658727,0.005941811339670448
ISIC_8659166,0.0721550682608462
ISIC_8660499,0.00842775661452177
ISIC_8661785,0.009927804828760723
ISIC_8662209,0.02276706569407167
ISIC_8663458,0.03433809174678591
ISIC_8663772,0.008056864087086356
ISIC_8664024,0.007835449297397983
ISIC_8664078,0.008056864087086356
ISIC_8664210,0.00842775661452177
ISIC_8664687,0.0721550682608462
ISIC_8664911,0.03297419037321229
ISIC_8668157,0.010537040391233472
ISIC_8670486,0.0038325340137393715
ISIC_8671258,0.02257937226692887
ISIC_8671883,0.015126664736954419
ISIC_8672288,0.012131003805092005
ISIC_8674382,0.005941811339670448
ISIC_8675845,0.0721550682608462
ISIC_8676919,0.023415645313852162
ISIC_8677293,0.004683565060183669
ISIC_8677397,0.005350620887011314
ISIC_8677644,0.015126664736954419
ISIC_8678730,0.008415931616036676
ISIC_8679128,0.008056864087086356
ISIC_8679619,0.005941811339670448
ISIC_8681990,0.0055009873008861196
ISIC_8682592,0.0129722229409786
ISIC_8683202,0.007772264078099276
ISIC_8683473,0.0055009873008861196
ISIC_8684658,0.023642728502995952
ISIC_8685059,0.0129722229409786
ISIC_8688128,0.015725311437139004
ISIC_8688328,0.02588051704591062
ISIC_8688992,0.031127334649255597
ISIC_8690265,0.03843927835789775
ISIC_8691320,0.022212847455476865
ISIC_8693147,0.02588051704591062
ISIC_8696087,0.015466518943151947
ISIC_8697589,0.0429848807511717
ISIC_8698553,0.008415931616036676
ISIC_8699871,0.015126664736954419
ISIC_8700102,0.008415931616036676
ISIC_8700215,0.008530478933806988
ISIC_8703136,0.014915344873685754
ISIC_8705042,0.07128086699269456
ISIC_8705723,0.08200855474900032
ISIC_8705757,0.06735962201019373
ISIC_8707911,0.02588051704591062
ISIC_8709476,0.004807738528552053
ISIC_8711172,0.023642728502995952
ISIC_8712052,0.019795822322538497
ISIC_8712678,0.001335580035090993
ISIC_8713613,0.015126664736954419
ISIC_8714050,0.004683565060183669
ISIC_8715037,0.00842775661452177
ISIC_8715813,0.007772264078099276
ISIC_8715911,0.014915344873685754
ISIC_8716548,0.00842775661452177
ISIC_8717474,0.03433809174678591
ISIC_8718545,0.00598938882998317
ISIC_8723850,0.01740123568596671
ISIC_8723923,0.009952575752890295
ISIC_8723928,0.019791146041157958
ISIC_8724607,0.006640600724187732
ISIC_8724813,0.004683565060183669
ISIC_8725020,0.02124106680394157
ISIC_8726314,0.02588051704591062
ISIC_8727481,0.02276706569407167
ISIC_8728322,0.022212847455476865
ISIC_8729639,0.0055009873008861196
ISIC_8729804,0.014127256148629088
ISIC_8730144,0.018069681554864478
ISIC_8730548,0.023642728502995952
ISIC_8731126,0.0721550682608462
ISIC_8732221,0.03433809174678591
ISIC_8732496,0.013768010652633004
ISIC_8732904,0.005941811339670448
ISIC_8733176,0.008415931616036676
ISIC_8733507,0.012629440268433077
ISIC_8733834,0.009927804828760723
ISIC_8737280,0.00598938882998317
ISIC_8737859,0.0722848228658311
ISIC_8738269,0.0075476899945982594
ISIC_8739480,0.05268520195616736
ISIC_8741719,0.008056864087086356
ISIC_8741900,0.008056864087086356
ISIC_8742138,0.023642728502995952
ISIC_8744510,0.013768010652633004
ISIC_8745077,0.04350308921491678
ISIC_8746376,0.002920195951381101
ISIC_8747198,0.014630199843023608
ISIC_8748275,0.03203972185253144
ISIC_8748932,0.04222222620740611
ISIC_8749499,0.01689884214140311
ISIC_8749647,0.0055009873008861196
ISIC_8750817,0.005350620887011314
ISIC_8751383,0.00906790235263338
ISIC_8751576,0.02588051704591062
ISIC_8752720,0.023176330689934875
ISIC_8753442,0.005350620887011314
ISIC_8754299,0.008056864087086356
ISIC_8754331,0.010503558736325164
ISIC_8754753,0.019795822322538497
ISIC_8754755,0.015126664736954419
ISIC_8755413,0.04350308921491678
ISIC_8755702,0.00598938882998317
ISIC_8755717,0.0722848228658311
ISIC_8755718,0.023642728502995952
ISIC_8756106,0.015126664736954419
ISIC_8757174,0.008530478933806988
ISIC_8757232,0.012629440268433077
ISIC_8758219,0.032818041260116185
ISIC_8758404,0.023642728502995952
ISIC_8758498,0.014630199843023608
ISIC_8758652,0.004683565060183669
ISIC_8759013,0.005941811339670448
ISIC_8759397,0.03297419037321229
ISIC_8759537,0.015126664736954419
ISIC_8760258,0.02588051704591062
ISIC_8760303,0.023642728502995952
ISIC_8760915,0.012131003805092005
ISIC_8761177,0.015466518943151947
ISIC_8761931,0.019795822322538497
ISIC_8762162,0.023642728502995952
ISIC_8763488,0.005350620887011314
ISIC_8763593,0.009927804828760723
ISIC_8764178,0.022212847455476865
ISIC_8765861,0.03843927835789775
ISIC_8767904,0.008530478933806988
ISIC_8768167,0.012629440268433077
ISIC_8768857,0.04295322167036864
ISIC_8769458,0.0055009873008861196
ISIC_8770523,0.07128086699269456
ISIC_8773197,0.008056864087086356
ISIC_8774179,0.005350620887011314
ISIC_8774910,0.03297419037321229
ISIC_8776271,0.014630199843023608
ISIC_8776327,0.004683565060183669
ISIC_8776890,0.008530478933806988
ISIC_8780817,0.001271369456480849
ISIC_8783748,0.01689884214140311
ISIC_8784137,0.004683565060183669
ISIC_8785587,0.029982022158407822
ISIC_8785816,0.01740123568596671
ISIC_8787149,0.03433809174678591
ISIC_8787227,0.04295322167036864
ISIC_8787755,0.023176330689934875
ISIC_8787842,0.03843927835789775
ISIC_8788709,0.014630199843023608
ISIC_8788842,0.011707822656926081
ISIC_8789502,0.00598938882998317
ISIC_8789564,0.03060723748225591
ISIC_8790782,0.037189554322000495
ISIC_8791399,0.02257937226692887
ISIC_8793953,0.015126664736954419
ISIC_8794737,0.002920195951381101
ISIC_8795995,0.007772264078099276
ISIC_8798037,0.022212847455476865
ISIC_8799403,0.014630199843023608
ISIC_8800182,0.015126664736954419
ISIC_8800677,0.009927804828760723
ISIC_8801719,0.005941811339670448
ISIC_8802849,0.012629440268433077
ISIC_8806466,0.005941811339670448
ISIC_8807139,0.0055009873008861196
ISIC_8807752,0.005941811339670448
ISIC_8808618,0.00598938882998317
ISIC_8810056,0.00842775661452177
ISIC_8810567,0.0055009873008861196
ISIC_8811459,0.001271369456480849
ISIC_8811540,0.01740123568596671
ISIC_8812635,0.023642728502995952
ISIC_8812840,0.04295322167036864
ISIC_8814160,0.00598938882998317
ISIC_8815034,0.02588051704591062
ISIC_8815184,0.009952575752890295
ISIC_8817234,0.012328910648590203
ISIC_8817936,0.008056864087086356
ISIC_8818310,0.010503558736325164
ISIC_8818534,0.011497602041218113
ISIC_8819808,0.023176330689934875
ISIC_8821039,0.019795822322538497
ISIC_8823822,0.009952575752890295
ISIC_8824409,0.07128086699269456
ISIC_8825533,0.011700519164688231
ISIC_8826064,0.010537040391233472
ISIC_8829294,0.02588051704591062
ISIC_8829327,0.09951294310887694
ISIC_8829628,0.0078052151046173876
ISIC_8830409,0.008415931616036676
ISIC_8831268,0.014915344873685754
ISIC_8832128,0.005941811339670448
ISIC_8832183,0.014915344873685754
ISIC_8833433,0.02588051704591062
ISIC_8833575,0.1360185352895007
ISIC_8834912,0.019795822322538497
ISIC_8834954,0.008056864087086356
ISIC_8838823,0.023642728502995952
ISIC_8839128,0.012131003805092005
ISIC_8841828,0.012629440268433077
ISIC_8842574,0.0028434929779356626
ISIC_8842675,0.002920195951381101
ISIC_8843050,0.008530478933806988
ISIC_8845382,0.008056864087086356
ISIC_8847751,0.015725311437139004
ISIC_8848544,0.0055009873008861196
ISIC_8848924,0.0029382760772001847
ISIC_8849510,0.012131003805092005
ISIC_8849561,0.022212847455476865
ISIC_8850011,0.012131003805092005
ISIC_8850206,0.03843927835789775
ISIC_8854304,0.014915344873685754
ISIC_8854658,0.004683565060183669
ISIC_8854923,0.014915344873685754
ISIC_8855370,0.005350620887011314
ISIC_8855389,0.005941811339670448
ISIC_8856035,0.008415931616036676
ISIC_8856127,0.012131003805092005
ISIC_8857430,0.03433809174678591
ISIC_8857435,0.02257937226692887
ISIC_8857544,0.00598938882998317
ISIC_8857552,0.013452507403621503
ISIC_8858828,0.023642728502995952
ISIC_8860090,0.0075476899945982594
ISIC_8860475,0.01740123568596671
ISIC_8860494,0.010503558736325164
ISIC_8862994,0.0075476899945982594
ISIC_8863347,0.007835449297397983
ISIC_8866881,0.008056864087086356
ISIC_8866925,0.009952575752890295
ISIC_8867370,0.03433809174678591
ISIC_8868497,0.015466518943151947
ISIC_8872191,0.012629440268433077
ISIC_8872520,0.01740123568596671
ISIC_8872567,0.015126664736954419
ISIC_8872945,0.0055009873008861196
ISIC_8874925,0.005350620887011314
ISIC_8875139,0.00598938882998317
ISIC_8876322,0.013768010652633004
ISIC_8876387,0.0129722229409786
ISIC_8877773,0.0055009873008861196
ISIC_8878727,0.0055009873008861196
ISIC_8879258,0.0055009873008861196
ISIC_8881805,0.008530478933806988
ISIC_8882478,0.00842775661452177
ISIC_8882896,0.015126664736954419
ISIC_8883090,0.014127256148629088
ISIC_8883894,0.005941811339670448
ISIC_8884512,0.014630199843023608
ISIC_8884799,0.002920195951381101
ISIC_8885123,0.015126664736954419
ISIC_8886139,0.005941811339670448
ISIC_8886196,0.023642728502995952
ISIC_8886372,0.004807738528552053
ISIC_8887211,0.013452507403621503
ISIC_8889579,0.023642728502995952
ISIC_8890526,0.031312262271327655
ISIC_8890530,0.00906790235263338
ISIC_8891438,0.03398822797002655
ISIC_8891943,0.04222222620740611
ISIC_8891951,0.012629440268433077
ISIC_8893824,0.029982022158407822
ISIC_8894662,0.031127334649255597
ISIC_8894946,0.053025144868233696
ISIC_8895085,0.015466518943151947
ISIC_8895453,0.00842775661452177
ISIC_8895569,0.04350308921491678
ISIC_8897880,0.0722848228658311
ISIC_8898123,0.0075476899945982594
ISIC_8899172,0.012131003805092005
ISIC_8900885,0.09951294310887694
ISIC_8901072,0.015126664736954419
ISIC_8901241,0.007777789616118136
ISIC_8902792,0.0129722229409786
ISIC_8903490,0.0722848228658311
ISIC_8903911,0.004683565060183669
ISIC_8904119,0.0055009873008861196
ISIC_8909153,0.005941811339670448
ISIC_8910224,0.0129722229409786
ISIC_8910785,0.02588051704591062
ISIC_8912651,0.012629440268433077
ISIC_8913315,0.014127256148629088
ISIC_8913327,0.01740123568596671
ISIC_8913346,0.0721550682608462
ISIC_8913855,0.008530478933806988
ISIC_8914603,0.02257937226692887
ISIC_8914743,0.015126664736954419
ISIC_8914803,0.014630199843023608
ISIC_8915548,0.008056864087086356
ISIC_8916523,0.012629440268433077
ISIC_8916845,0.007772264078099276
ISIC_8917277,0.03297419037321229
ISIC_8917520,0.012328910648590203
ISIC_8917854,0.06735962201019373
ISIC_8918219,0.018069681554864478
ISIC_8918601,0.005941811339670448
ISIC_8919030,0.008415931616036676
ISIC_8921222,0.008056864087086356
ISIC_8921308,0.053025144868233696
ISIC_8921417,0.008056864087086356
ISIC_8923222,0.012629440268433077
ISIC_8924557,0.0429848807511717
ISIC_8924679,0.00598938882998317
ISIC_8926655,0.0191434358070837
ISIC_8926785,0.0129722229409786
ISIC_8928109,0.012131003805092005
ISIC_8928203,0.0055009873008861196
ISIC_8928254,0.02588051704591062
ISIC_8929017,0.014915344873685754
ISIC_8929362,0.004683565060183669
ISIC_8929405,0.007835449297397983
ISIC_8929885,0.03433809174678591
ISIC_8930106,0.004683565060183669
ISIC_8931482,0.029982022158407822
ISIC_8931650,0.008056864087086356
ISIC_8932951,0.010503558736325164
ISIC_8935177,0.00842775661452177
ISIC_8936821,0.014064874825764078
ISIC_8938888,0.02588051704591062
ISIC_8939328,0.03843927835789775
ISIC_8940751,0.008415931616036676
ISIC_8941788,0.005350620887011314
ISIC_8941830,0.03297419037321229
ISIC_8942163,0.008056864087086356
ISIC_8942427,0.05497586291078334
ISIC_8942790,0.007772264078099276
ISIC_8943409,0.0075476899945982594
ISIC_8943450,0.018613614520153192
ISIC_8943817,0.012131003805092005
ISIC_8944119,0.03843927835789775
ISIC_8945286,0.012131003805092005
ISIC_8946370,0.023642728502995952
ISIC_8946926,0.01689884214140311
ISIC_8947444,0.01740123568596671
ISIC_8948314,0.03843927835789775
ISIC_8949833,0.012629440268433077
ISIC_8950279,0.00906790235263338
ISIC_8950567,0.03019259795930689
ISIC_8951672,0.012629440268433077
ISIC_8951943,0.009118787825793676
ISIC_8952287,0.007772264078099276
ISIC_8952328,0.03433809174678591
ISIC_8952876,0.014915344873685754
ISIC_8953122,0.03203972185253144
ISIC_8953808,0.012131003805092005
ISIC_8954491,0.00906790235263338
ISIC_8954775,0.014127256148629088
ISIC_8955834,0.01740123568596671
ISIC_8958068,0.009952575752890295
ISIC_8958259,0.031312262271327655
ISIC_8958344,0.012131003805092005
ISIC_8959686,0.008530478933806988
ISIC_8960841,0.019795822322538497
ISIC_8961647,0.03433809174678591
ISIC_8962905,0.03060723748225591
ISIC_8962966,0.023642728502995952
ISIC_8963437,0.005941811339670448
ISIC_8964189,0.014915344873685754
ISIC_8964270,0.012629440268433077
ISIC_8964604,0.012629440268433077
ISIC_8964676,0.03297419037321229
ISIC_8965024,0.001271369456480849
ISIC_8965291,0.00598938882998317
ISIC_8966656,0.02298990630814576
ISIC_8969962,0.010503558736325164
ISIC_8971006,0.03398822797002655
ISIC_8971245,0.007777789616118136
ISIC_8972367,0.00598938882998317
ISIC_8973792,0.008530478933806988
ISIC_8974538,0.014127256148629088
ISIC_8976168,0.004683565060183669
ISIC_8976229,0.08200855474900032
ISIC_8978059,0.015725311437139004
ISIC_8978196,0.03203972185253144
ISIC_8980146,0.005941811339670448
ISIC_8980733,0.007835449297397983
ISIC_8980995,0.019795822322538497
ISIC_8981869,0.008530478933806988
ISIC_8983743,0.012629440268433077
ISIC_8984115,0.012131003805092005
ISIC_8984361,0.008056864087086356
ISIC_8984864,0.019795822322538497
ISIC_8985582,0.019795822322538497
ISIC_8986079,0.005350620887011314
ISIC_8986748,0.04515874453385774
ISIC_8987790,0.053025144868233696
ISIC_8987816,0.014630199843023608
ISIC_8987944,0.0055009873008861196
ISIC_8988074,0.023176330689934875
ISIC_8988125,0.014915344873685754
ISIC_8988562,0.032818041260116185
ISIC_8988804,0.008056864087086356
ISIC_8989142,0.008415931616036676
ISIC_8989246,0.008056864087086356
ISIC_8989586,0.014127256148629088
ISIC_8989674,0.0075476899945982594
ISIC_8990534,0.008056864087086356
ISIC_8991162,0.0129722229409786
ISIC_8994705,0.0055009873008861196
ISIC_8995461,0.008530478933806988
ISIC_8997412,0.0721550682608462
ISIC_8998656,0.010577793877920665
ISIC_8999365,0.012629440268433077
ISIC_9000026,0.008056864087086356
ISIC_9000429,0.019795822322538497
ISIC_9001985,0.014915344873685754
ISIC_9002130,0.012629440268433077
ISIC_9002552,0.009927804828760723
ISIC_9002755,0.012629440268433077
ISIC_9003624,0.004683565060183669
ISIC_9005237,0.04350308921491678
ISIC_9006649,0.023642728502995952
ISIC_9007557,0.008530478933806988
ISIC_9007782,0.023642728502995952
ISIC_9008398,0.015466518943151947
ISIC_9008728,0.009952575752890295
ISIC_9009245,0.007772264078099276
ISIC_9010905,0.03433809174678591
ISIC_9013687,0.009927804828760723
ISIC_9013692,0.008415931616036676
ISIC_9013834,0.03433809174678591
ISIC_9017249,0.019795822322538497
ISIC_9017571,0.00842775661452177
ISIC_9017581,0.008415931616036676
ISIC_9018217,0.02276706569407167
ISIC_9018830,0.0429848807511717
ISIC_9019049,0.008530478933806988
ISIC_9019607,0.009952575752890295
ISIC_9020555,0.0129722229409786
ISIC_9020615,0.009927804828760723
ISIC_9021401,0.00598938882998317
ISIC_9022053,0.008056864087086356
ISIC_9022771,0.007835449297397983
ISIC_9025314,0.00842775661452177
ISIC_9027197,0.008056864087086356
ISIC_9028698,0.019795822322538497
ISIC_9031005,0.00842775661452177
ISIC_9031778,0.0055009873008861196
ISIC_9032060,0.005941811339670448
ISIC_9032068,0.031127334649255597
ISIC_9034421,0.008056864087086356
ISIC_9034553,0.00842775661452177
ISIC_9034623,0.015466518943151947
ISIC_9034965,0.01689884214140311
ISIC_9035628,0.023176330689934875
ISIC_9036780,0.018613614520153192
ISIC_9036933,0.00598938882998317
ISIC_9037956,0.004771489988483082
ISIC_9039512,0.005941811339670448
ISIC_9040048,0.014630199843023608
ISIC_9040585,0.014064874825764078
ISIC_9042020,0.014630199843023608
ISIC_9042055,0.015466518943151947
ISIC_9045135,0.023642728502995952
ISIC_9046624,0.014127256148629088
ISIC_9047445,0.0075476899945982594
ISIC_9048634,0.014630199843023608
ISIC_9049820,0.0075476899945982594
ISIC_9049882,0.005941811339670448
ISIC_9050193,0.007772264078099276
ISIC_9053419,0.004683565060183669
ISIC_9055320,0.012328910648590203
ISIC_9057036,0.0075476899945982594
ISIC_9058971,0.007772264078099276
ISIC_9059207,0.0035735790128110356
ISIC_9060254,0.004807738528552053
ISIC_9061798,0.019795822322538497
ISIC_9063375,0.023642728502995952
ISIC_9063657,0.001271369456480849
ISIC_9063854,0.012131003805092005
ISIC_9064712,0.008530478933806988
ISIC_9065092,0.03398822797002655
ISIC_9066369,0.031312262271327655
ISIC_9066452,0.00598938882998317
ISIC_9066755,0.019795822322538497
ISIC_9067229,0.013768010652633004
ISIC_9068075,0.012131003805092005
ISIC_9068809,0.0055009873008861196
ISIC_9071525,0.09951294310887694
ISIC_9072048,0.011700519164688231
ISIC_9072817,0.008056864087086356
ISIC_9073521,0.012131003805092005
ISIC_9073812,0.029982022158407822
ISIC_9074443,0.014915344873685754
ISIC_9075192,0.008056864087086356
ISIC_9076973,0.0055009873008861196
ISIC_9078424,0.02588051704591062
ISIC_9078802,0.023642728502995952
ISIC_9079297,0.003148152939857341
ISIC_9080748,0.005941811339670448
ISIC_9080885,0.005350620887011314
ISIC_9083385,0.008056864087086356
ISIC_9083661,0.03203972185253144
ISIC_9084283,0.0055009873008861196
ISIC_9085781,0.0032249371579026417
ISIC_9086006,0.012328910648590203
ISIC_9087704,0.023642728502995952
ISIC_9087762,0.005941811339670448
ISIC_9088161,0.03060723748225591
ISIC_9091107,0.002920195951381101
ISIC_9091217,0.014630199843023608
ISIC_9091336,0.015466518943151947
ISIC_9092837,0.013768010652633004
ISIC_9093052,0.009927804828760723
ISIC_9093252,0.0191434358070837
ISIC_9093510,0.02588051704591062
ISIC_9095286,0.00598938882998317
ISIC_9095393,0.005941811339670448
ISIC_9095798,0.00598938882998317
ISIC_9097422,0.015126664736954419
ISIC_9097649,0.029982022158407822
ISIC_9097830,0.015126664736954419
ISIC_9098083,0.008530478933806988
ISIC_9098113,0.015126664736954419
ISIC_9100035,0.014127256148629088
ISIC_9100455,0.012131003805092005
ISIC_9101004,0.005941811339670448
ISIC_9101048,0.008056864087086356
ISIC_9101762,0.012629440268433077
ISIC_9101868,0.004807738528552053
ISIC_9102112,0.0129722229409786
ISIC_9105385,0.0075476899945982594
ISIC_9105386,0.008415931616036676
ISIC_9105772,0.012629440268433077
ISIC_9105794,0.01740123568596671
ISIC_9107177,0.015126664736954419
ISIC_9107651,0.014915344873685754
ISIC_9107678,0.014915344873685754
ISIC_9108482,0.008415931616036676
ISIC_9108838,0.014127256148629088
ISIC_9109293,0.008056864087086356
ISIC_9112240,0.015126664736954419
ISIC_9114248,0.019795822322538497
ISIC_9120631,0.023642728502995952
ISIC_9122069,0.012131003805092005
ISIC_9123052,0.02588051704591062
ISIC_9124427,0.023642728502995952
ISIC_9124451,0.004807738528552053
ISIC_9124627,0.009927804828760723
ISIC_9124728,0.008056864087086356
ISIC_9125989,0.0075476899945982594
ISIC_9126660,0.008415931616036676
ISIC_9128800,0.008530478933806988
ISIC_9129247,0.007772264078099276
ISIC_9129497,0.0075476899945982594
ISIC_9131529,0.019795822322538497
ISIC_9131769,0.008056864087086356
ISIC_9132050,0.09951294310887694
ISIC_9132494,0.00906790235263338
ISIC_9133707,0.0075476899945982594
ISIC_9135550,0.012131003805092005
ISIC_9135940,0.02257937226692887
ISIC_9136878,0.03398822797002655
ISIC_9138779,0.01740123568596671
ISIC_9140624,0.00842775661452177
ISIC_9140839,0.0129722229409786
ISIC_9140847,0.012131003805092005
ISIC_9141203,0.014630199843023608
ISIC_9141993,0.014630199843023608
ISIC_9142163,0.01976165566860573
ISIC_9142737,0.008530478933806988
ISIC_9142988,0.0722848228658311
ISIC_9144414,0.012131003805092005
ISIC_9145307,0.02124106680394157
ISIC_9146470,0.008056864087086356
ISIC_9148590,0.008415931616036676
ISIC_9149390,0.018613614520153192
ISIC_9149497,0.0722848228658311
ISIC_9151043,0.0075476899945982594
ISIC_9151417,0.007772264078099276
ISIC_9151798,0.029982022158407822
ISIC_9151820,0.0028434929779356626
ISIC_9152256,0.07419192833972765
ISIC_9153915,0.008530478933806988
ISIC_9154232,0.0055009873008861196
ISIC_9155599,0.006640600724187732
ISIC_9156895,0.005350620887011314
ISIC_9156944,0.003148152939857341
ISIC_9157640,0.015126664736954419
ISIC_9158342,0.015126664736954419
ISIC_9161496,0.0027262355355465633
ISIC_9162488,0.012131003805092005
ISIC_9163528,0.0129722229409786
ISIC_9164605,0.005941811339670448
ISIC_9167242,0.018613614520153192
ISIC_9167543,0.01976165566860573
ISIC_9167607,0.012131003805092005
ISIC_9168094,0.004683565060183669
ISIC_9168537,0.009952575752890295
ISIC_9168740,0.008056864087086356
ISIC_9168966,0.015126664736954419
ISIC_9169910,0.03203972185253144
ISIC_9170035,0.012629440268433077
ISIC_9170168,0.008056864087086356
ISIC_9171223,0.015466518943151947
ISIC_9172945,0.014630199843023608
ISIC_9173786,0.012629440268433077
ISIC_9174152,0.02276706569407167
ISIC_9174552,0.007772264078099276
ISIC_9175873,0.01322224234740083
ISIC_9176181,0.005350620887011314
ISIC_9178750,0.007777789616118136
ISIC_9180287,0.004683565060183669
ISIC_9181340,0.023415645313852162
ISIC_9181743,0.00598938882998317
ISIC_9182942,0.02588051704591062
ISIC_9183084,0.0722848228658311
ISIC_9184615,0.03398822797002655
ISIC_9185929,0.02588051704591062
ISIC_9185938,0.007772264078099276
ISIC_9186721,0.008415931616036676
ISIC_9187566,0.06021165937847699
ISIC_9187921,0.03433809174678591
ISIC_9188862,0.005941811339670448
ISIC_9192257,0.012174434661010843
ISIC_9192465,0.0721550682608462
ISIC_9192659,0.013768010652633004
ISIC_9192973,0.0075476899945982594
ISIC_9194284,0.02276706569407167
ISIC_9194658,0.005941811339670448
ISIC_9195184,0.004771489988483082
ISIC_9196186,0.023642728502995952
ISIC_9197572,0.007772264078099276
ISIC_9197861,0.0129722229409786
ISIC_9198397,0.004807738528552053
ISIC_9198651,0.0075476899945982594
ISIC_9199792,0.004771489988483082
ISIC_9201258,0.011700519164688231
ISIC_9201634,0.005941811339670448
ISIC_9202448,0.0721550682608462
ISIC_9203162,0.005350620887011314
ISIC_9203929,0.012629440268433077
ISIC_9207339,0.0129722229409786
ISIC_9207601,0.006640600724187732
ISIC_9207777,0.03433809174678591
ISIC_9208579,0.012328910648590203
ISIC_9211310,0.018069681554864478
ISIC_9211681,0.03433809174678591
ISIC_9214715,0.005941811339670448
ISIC_9214796,0.03433809174678591
ISIC_9215081,0.008415931616036676
ISIC_9215680,0.012131003805092005
ISIC_9216693,0.08200855474900032
ISIC_9218660,0.03433809174678591
ISIC_9218956,0.012629440268433077
ISIC_9219742,0.0721550682608462
ISIC_9220014,0.01740123568596671
ISIC_9221947,0.008415931616036676
ISIC_9224692,0.031312262271327655
ISIC_9224823,0.004771489988483082
ISIC_9225102,0.009927804828760723
ISIC_9228022,0.03297419037321229
ISIC_9230944,0.008530478933806988
ISIC_9231364,0.03398822797002655
ISIC_9232173,0.006640600724187732
ISIC_9232637,0.007772264078099276
ISIC_9233285,0.03433809174678591
ISIC_9234032,0.031312262271327655
ISIC_9234969,0.012328910648590203
ISIC_9235283,0.023642728502995952
ISIC_9235659,0.00906790235263338
ISIC_9236034,0.02588051704591062
ISIC_9237342,0.023642728502995952
ISIC_9237549,0.005350620887011314
ISIC_9237569,0.0075476899945982594
ISIC_9237660,0.014127256148629088
ISIC_9239212,0.023642728502995952
ISIC_9239289,0.06735962201019373
ISIC_9240897,0.014630199843023608
ISIC_9241147,0.0055009873008861196
ISIC_9242278,0.019795822322538497
ISIC_9242758,0.015126664736954419
ISIC_9243223,0.005941811339670448
ISIC_9243240,0.004807738528552053
ISIC_9243427,0.0055009873008861196
ISIC_9243861,0.008056864087086356
ISIC_9246598,0.004683565060183669
ISIC_9247289,0.002920195951381101
ISIC_9249558,0.02276706569407167
ISIC_9250246,0.00842775661452177
ISIC_9251197,0.015126664736954419
ISIC_9252742,0.005941811339670448
ISIC_9252749,0.012328910648590203
ISIC_9253871,0.013452507403621503
ISIC_9253878,0.019795822322538497
ISIC_9254666,0.005941811339670448
ISIC_9254796,0.02276706569407167
ISIC_9254888,0.008415931616036676
ISIC_9255119,0.012131003805092005
ISIC_9257491,0.008530478933806988
ISIC_9258565,0.010503558736325164
ISIC_9259286,0.014127256148629088
ISIC_9259765,0.008056864087086356
ISIC_9259972,0.00906790235263338
ISIC_9262161,0.008415931616036676
ISIC_9262477,0.023642728502995952
ISIC_9265002,0.012629440268433077
ISIC_9265385,0.005941811339670448
ISIC_9266595,0.010537040391233472
ISIC_9269637,0.03203972185253144
ISIC_9272530,0.012131003805092005
ISIC_9272888,0.018069681554864478
ISIC_9273015,0.043601546446483334
ISIC_9273234,0.08200855474900032
ISIC_9274269,0.009927804828760723
ISIC_9275700,0.015126664736954419
ISIC_9277130,0.012629440268433077
ISIC_9277887,0.008530478933806988
ISIC_9280090,0.012629440268433077
ISIC_9280462,0.008056864087086356
ISIC_9280822,0.08200855474900032
ISIC_9281233,0.010503558736325164
ISIC_9282097,0.015466518943151947
ISIC_9285299,0.008415931616036676
ISIC_9286333,0.004807738528552053
ISIC_9286553,0.031127334649255597
ISIC_9286642,0.03433809174678591
ISIC_9286788,0.029982022158407822
ISIC_9287804,0.005941811339670448
ISIC_9289075,0.0038325340137393715
ISIC_9289090,0.007772264078099276
ISIC_9289197,0.0075476899945982594
ISIC_9289423,0.013452507403621503
ISIC_9289911,0.005941811339670448
ISIC_9291596,0.004683565060183669
ISIC_9291828,0.001271369456480849
ISIC_9293626,0.01740123568596671
ISIC_9295328,0.0055009873008861196
ISIC_9296170,0.03433809174678591
ISIC_9299316,0.07962060602312236
ISIC_9300150,0.04350308921491678
ISIC_9300446,0.018613614520153192
ISIC_9303631,0.004771489988483082
ISIC_9306623,0.0055009873008861196
ISIC_9306935,0.005350620887011314
ISIC_9307335,0.012629440268433077
ISIC_9307630,0.004683565060183669
ISIC_9308141,0.005941811339670448
ISIC_9308692,0.015126664736954419
ISIC_9308958,0.005941811339670448
ISIC_9309879,0.031312262271327655
ISIC_9310576,0.00598938882998317
ISIC_9310591,0.014064874825764078
ISIC_9310721,0.0075476899945982594
ISIC_9310737,0.0078052151046173876
ISIC_9312065,0.019795822322538497
ISIC_9313327,0.018613614520153192
ISIC_9313535,0.02124106680394157
ISIC_9315708,0.023642728502995952
ISIC_9317637,0.02588051704591062
ISIC_9318490,0.0013631177677732816
ISIC_9318565,0.005350620887011314
ISIC_9320994,0.032818041260116185
ISIC_9322605,0.0721550682608462
ISIC_9323866,0.03433809174678591
ISIC_9325387,0.012629440268433077
ISIC_9326050,0.008056864087086356
ISIC_9326230,0.005941811339670448
ISIC_9326282,0.02257937226692887
ISIC_9326671,0.007772264078099276
ISIC_9327290,0.010503558736325164
ISIC_9329239,0.015725311437139004
ISIC_9329516,0.02588051704591062
ISIC_9331866,0.0129722229409786
ISIC_9332396,0.013452507403621503
ISIC_9333840,0.02257937226692887
ISIC_9335018,0.004683565060183669
ISIC_9336332,0.010503558736325164
ISIC_9337556,0.02124106680394157
ISIC_9340537,0.014915344873685754
ISIC_9341159,0.00906790235263338
ISIC_9341403,0.019795822322538497
ISIC_9341631,0.007772264078099276
ISIC_9341718,0.022212847455476865
ISIC_9342419,0.03203972185253144
ISIC_9342809,0.008056864087086356
ISIC_9343199,0.05849383163275574
ISIC_9343272,0.029982022158407822
ISIC_9345094,0.029982022158407822
ISIC_9346529,0.012629440268433077
ISIC_9347323,0.004683565060183669
ISIC_9348420,0.023642728502995952
ISIC_9349521,0.00598938882998317
ISIC_9350250,0.00842775661452177
ISIC_9351693,0.004771489988483082
ISIC_9353360,0.05268520195616736
ISIC_9353415,0.02588051704591062
ISIC_9354346,0.008415931616036676
ISIC_9355585,0.03843927835789775
ISIC_9357717,0.0029382760772001847
ISIC_9358108,0.009927804828760723
ISIC_9358483,0.0055009873008861196
ISIC_9359141,0.04214816156493389
ISIC_9359545,0.011707822656926081
ISIC_9362634,0.02588051704591062
ISIC_9362659,0.008056864087086356
ISIC_9363884,0.018613614520153192
ISIC_9364759,0.010280039406081437
ISIC_9365800,0.014127256148629088
ISIC_9367956,0.01689884214140311
ISIC_9368385,0.008056864087086356
ISIC_9368500,0.023642728502995952
ISIC_9369230,0.008415931616036676
ISIC_9369302,0.015126664736954419
ISIC_9372129,0.002920195951381101
ISIC_9372173,0.004683565060183669
ISIC_9374581,0.009927804828760723
ISIC_9374689,0.02276706569407167
ISIC_9376162,0.00987847536678138
ISIC_9376658,0.015126664736954419
ISIC_9377535,0.012131003805092005
ISIC_9378819,0.004683565060183669
ISIC_9379321,0.011700519164688231
ISIC_9381475,0.0129722229409786
ISIC_9381492,0.05461988606727832
ISIC_9381716,0.037189554322000495
ISIC_9381743,0.008530478933806988
ISIC_9381773,0.014064874825764078
ISIC_9381977,0.023415645313852162
ISIC_9382916,0.007772264078099276
ISIC_9383016,0.02124106680394157
ISIC_9387087,0.0055009873008861196
ISIC_9388369,0.0722848228658311
ISIC_9388406,0.00598938882998317
ISIC_9390336,0.001271369456480849
ISIC_9390440,0.009927804828760723
ISIC_9390976,0.03843927835789775
ISIC_9391523,0.03843927835789775
ISIC_9391983,0.08200855474900032
ISIC_9393610,0.012131003805092005
ISIC_9393653,0.014127256148629088
ISIC_9395030,0.04295322167036864
ISIC_9396676,0.05849383163275574
ISIC_9397265,0.005941811339670448
ISIC_9398826,0.00598938882998317
ISIC_9400341,0.00598938882998317
ISIC_9400786,0.015466518943151947
ISIC_9403604,0.004683565060183669
ISIC_9404212,0.012131003805092005
ISIC_9405195,0.004807738528552053
ISIC_9405386,0.0075476899945982594
ISIC_9407352,0.004683565060183669
ISIC_9407800,0.018613614520153192
ISIC_9411047,0.012629440268433077
ISIC_9411778,0.0129722229409786
ISIC_9411850,0.011700519164688231
ISIC_9414296,0.004807738528552053
ISIC_9414809,0.008056864087086356
ISIC_9415087,0.024793036214666993
ISIC_9415347,0.00826390146712552
ISIC_9416647,0.0075476899945982594
ISIC_9416839,0.0191434358070837
ISIC_9419168,0.015126664736954419
ISIC_9419978,0.008530478933806988
ISIC_9420623,0.005941811339670448
ISIC_9422120,0.012174434661010843
ISIC_9422657,0.012629440268433077
ISIC_9422727,0.02588051704591062
ISIC_9422786,0.03433809174678591
ISIC_9424021,0.023642728502995952
ISIC_9424112,0.004683565060183669
ISIC_9424438,0.023176330689934875
ISIC_9424470,0.019795822322538497
ISIC_9424811,0.03433809174678591
ISIC_9425285,0.011707822656926081
ISIC_9425501,0.005941811339670448
ISIC_9428732,0.015126664736954419
ISIC_9428753,0.005941811339670448
ISIC_9429943,0.0013631177677732816
ISIC_9430171,0.023642728502995952
ISIC_9431076,0.009927804828760723
ISIC_9431437,0.012131003805092005
ISIC_9432288,0.01740123568596671
ISIC_9432376,0.012629440268433077
ISIC_9433769,0.002920195951381101
ISIC_9434018,0.012629440268433077
ISIC_9436771,0.03398822797002655
ISIC_9438854,0.004771489988483082
ISIC_9439231,0.001335580035090993
ISIC_9439244,0.08200855474900032
ISIC_9439908,0.019795822322538497
ISIC_9440225,0.019795822322538497
ISIC_9440851,0.014630199843023608
ISIC_9440902,0.019795822322538497
ISIC_9441502,0.015126664736954419
ISIC_9441602,0.011707822656926081
ISIC_9443809,0.012131003805092005
ISIC_9443862,0.012131003805092005
ISIC_9445908,0.05461988606727832
ISIC_9448856,0.007147158025622071
ISIC_9450189,0.0129722229409786
ISIC_9451161,0.005941811339670448
ISIC_9454441,0.03060723748225591
ISIC_9454520,0.004683565060183669
ISIC_9454633,0.013768010652633004
ISIC_9455202,0.022212847455476865
ISIC_9455280,0.019795822322538497
ISIC_9455325,0.008056864087086356
ISIC_9455530,0.00842775661452177
ISIC_9455987,0.014630199843023608
ISIC_9456779,0.01976165566860573
ISIC_9458416,0.0722848228658311
ISIC_9458964,0.01740123568596671
ISIC_9459452,0.008056864087086356
ISIC_9460502,0.011700519164688231
ISIC_9460564,0.02276706569407167
ISIC_9462823,0.0055009873008861196
ISIC_9463200,0.012328910648590203
ISIC_9464286,0.009952575752890295
ISIC_9464790,0.015126664736954419
ISIC_9465938,0.014127256148629088
ISIC_9467877,0.014630199843023608
ISIC_9471010,0.0075476899945982594
ISIC_9471866,0.023642728502995952
ISIC_9472514,0.03297419037321229
ISIC_9472708,0.0721550682608462
ISIC_9472856,0.014630199843023608
ISIC_9473192,0.001271369456480849
ISIC_9473581,0.03060723748225591
ISIC_9474385,0.015466518943151947
ISIC_9475098,0.012131003805092005
ISIC_9475483,0.03512346797077824
ISIC_9476269,0.004683565060183669
ISIC_9476337,0.023642728502995952
ISIC_9476938,0.012328910648590203
ISIC_9478088,0.0721550682608462
ISIC_9479827,0.014127256148629088
ISIC_9480050,0.004683565060183669
ISIC_9480897,0.01728583852632074
ISIC_9482579,0.023642728502995952
ISIC_9483222,0.005941811339670448
ISIC_9484827,0.0035735790128110356
ISIC_9485909,0.014630199843023608
ISIC_9486077,0.00842775661452177
ISIC_9486439,0.013452507403621503
ISIC_9487545,0.019795822322538497
ISIC_9488739,0.004771489988483082
ISIC_9489670,0.023642728502995952
ISIC_9489985,0.019795822322538497
ISIC_9490517,0.014630199843023608
ISIC_9491777,0.012328910648590203
ISIC_9493400,0.023642728502995952
ISIC_9494186,0.011700519164688231
ISIC_9495534,0.004771489988483082
ISIC_9496437,0.00842775661452177
ISIC_9497933,0.011700519164688231
ISIC_9498081,0.015466518943151947
ISIC_9498834,0.03203972185253144
ISIC_9499578,0.00906790235263338
ISIC_9502233,0.004683565060183669
ISIC_9502846,0.001271369456480849
ISIC_9503665,0.004683565060183669
ISIC_9504668,0.00598938882998317
ISIC_9505721,0.019795822322538497
ISIC_9506089,0.014127256148629088
ISIC_9508507,0.014630199843023608
ISIC_9508816,0.0055009873008861196
ISIC_9509950,0.010503558736325164
ISIC_9511982,0.008415931616036676
ISIC_9512059,0.015126664736954419
ISIC_9515324,0.0721550682608462
ISIC_9516799,0.03843927835789775
ISIC_9519092,0.005350620887011314
ISIC_9519270,0.008530478933806988
ISIC_9519764,0.023642728502995952
ISIC_9520761,0.03843927835789775
ISIC_9521732,0.005350620887011314
ISIC_9522771,0.005350620887011314
ISIC_9523755,0.02588051704591062
ISIC_9525861,0.053025144868233696
ISIC_9526357,0.004771489988483082
ISIC_9527305,0.019795822322538497
ISIC_9528334,0.014630199843023608
ISIC_9528336,0.029982022158407822
ISIC_9528425,0.008056864087086356
ISIC_9530345,0.018668244138113535
ISIC_9531727,0.010280039406081437
ISIC_9532428,0.01976165566860573
ISIC_9533171,0.009952575752890295
ISIC_9535767,0.005350620887011314
ISIC_9537778,0.015126664736954419
ISIC_9539153,0.014630199843023608
ISIC_9539165,0.011700519164688231
ISIC_9539564,0.012131003805092005
ISIC_9540894,0.0013631177677732816
ISIC_9542410,0.003148152939857341
ISIC_9543635,0.0055009873008861196
ISIC_9543782,0.023642728502995952
ISIC_9543891,0.008056864087086356
ISIC_9543924,0.00906790235263338
ISIC_9544045,0.0075476899945982594
ISIC_9544796,0.008530478933806988
ISIC_9545152,0.008415931616036676
ISIC_9547337,0.0429848807511717
ISIC_9548433,0.008415931616036676
ISIC_9550350,0.014630199843023608
ISIC_9552129,0.00598938882998317
ISIC_9552640,0.008530478933806988
ISIC_9552986,0.013452507403621503
ISIC_9553410,0.023642728502995952
ISIC_9553857,0.019795822322538497
ISIC_9554478,0.02257937226692887
ISIC_9554637,0.012174434661010843
ISIC_9555049,0.015126664736954419
ISIC_9555226,0.008056864087086356
ISIC_9557209,0.01728583852632074
ISIC_9557584,0.031127334649255597
ISIC_9557753,0.0191434358070837
ISIC_9558797,0.018613614520153192
ISIC_9558823,0.005941811339670448
ISIC_9559734,0.005941811339670448
ISIC_9562557,0.005350620887011314
ISIC_9563612,0.022212847455476865
ISIC_9565009,0.007772264078099276
ISIC_9565522,0.012131003805092005
ISIC_9565588,0.023642728502995952
ISIC_9565834,0.014127256148629088
ISIC_9566153,0.029982022158407822
ISIC_9566781,0.004683565060183669
ISIC_9566869,0.00598938882998317
ISIC_9566995,0.03843927835789775
ISIC_9567086,0.008056864087086356
ISIC_9568052,0.00413195073356276
ISIC_9570510,0.008415931616036676
ISIC_9572182,0.00842775661452177
ISIC_9572206,0.0038325340137393715
ISIC_9575100,0.0028434929779356626
ISIC_9576017,0.0721550682608462
ISIC_9576872,0.0055009873008861196
ISIC_9576983,0.03433809174678591
ISIC_9577837,0.008056864087086356
ISIC_9578201,0.00598938882998317
ISIC_9581438,0.015126664736954419
ISIC_9582135,0.019791146041157958
ISIC_9582219,0.0129722229409786
ISIC_9582272,0.023642728502995952
ISIC_9585872,0.0129722229409786
ISIC_9586848,0.02257937226692887
ISIC_9586945,0.015126664736954419
ISIC_9589360,0.03203972185253144
ISIC_9593129,0.014127256148629088
ISIC_9594358,0.05849383163275574
ISIC_9594594,0.012174434661010843
ISIC_9595936,0.005941811339670448
ISIC_9597559,0.031127334649255597
ISIC_9597570,0.023642728502995952
ISIC_9598408,0.019795822322538497
ISIC_9598745,0.1360185352895007
ISIC_9601410,0.007772264078099276
ISIC_9602849,0.010503558736325164
ISIC_9603620,0.008056864087086356
ISIC_9604611,0.00842775661452177
ISIC_9605223,0.012629440268433077
ISIC_9608123,0.018668244138113535
ISIC_9610143,0.008056864087086356
ISIC_9610738,0.011700519164688231
ISIC_9610783,0.005941811339670448
ISIC_9610931,0.010503558736325164
ISIC_9610986,0.0722848228658311
ISIC_9611096,0.019795822322538497
ISIC_9611663,0.018668244138113535
ISIC_9612009,0.02588051704591062
ISIC_9612128,0.005941811339670448
ISIC_9613406,0.01740123568596671
ISIC_9614732,0.018613614520153192
ISIC_9615309,0.0055009873008861196
ISIC_9619842,0.008530478933806988
ISIC_9622423,0.0075476899945982594
ISIC_9622814,0.00842775661452177
ISIC_9624902,0.008056864087086356
ISIC_9626060,0.009927804828760723
ISIC_9626654,0.004683565060183669
ISIC_9630320,0.005941811339670448
ISIC_9630631,0.012131003805092005
ISIC_9632466,0.008056864087086356
ISIC_9633578,0.011700519164688231
ISIC_9634301,0.01689884214140311
ISIC_9634338,0.0191434358070837
ISIC_9634568,0.015126664736954419
ISIC_9634605,0.005941811339670448
ISIC_9635083,0.04222222620740611
ISIC_9635714,0.00987847536678138
ISIC_9636118,0.00906790235263338
ISIC_9636985,0.0055009873008861196
ISIC_9637320,0.02588051704591062
ISIC_9638086,0.032818041260116185
ISIC_9638464,0.007772264078099276
ISIC_9638911,0.009118787825793676
ISIC_9640394,0.00598938882998317
ISIC_9641213,0.02276706569407167
ISIC_9642111,0.00842775661452177
ISIC_9643133,0.010503558736325164
ISIC_9643232,0.008415931616036676
ISIC_9646735,0.0078052151046173876
ISIC_9647724,0.002920195951381101
ISIC_9648810,0.03433809174678591
ISIC_9649315,0.004683565060183669
ISIC_9649614,0.0075476899945982594
ISIC_9650416,0.005350620887011314
ISIC_9650954,0.014630199843023608
ISIC_9652852,0.013452507403621503
ISIC_9653526,0.02276706569407167
ISIC_9654373,0.012629440268433077
ISIC_9655502,0.018613614520153192
ISIC_9655650,0.015466518943151947
ISIC_9656902,0.004771489988483082
ISIC_9656943,0.014915344873685754
ISIC_9657093,0.0028434929779356626
ISIC_9659652,0.04515874453385774
ISIC_9660608,0.04350308921491678
ISIC_9661048,0.019795822322538497
ISIC_9661408,0.018668244138113535
ISIC_9661960,0.013768010652633004
ISIC_9662365,0.012629440268433077
ISIC_9662621,0.004771489988483082
ISIC_9664042,0.008056864087086356
ISIC_9664392,0.008530478933806988
ISIC_9664555,0.004683565060183669
ISIC_9668427,0.014915344873685754
ISIC_9668890,0.009927804828760723
ISIC_9669609,0.001271369456480849
ISIC_9669857,0.013768010652633004
ISIC_9670266,0.018613614520153192
ISIC_9671653,0.0129722229409786
ISIC_9672112,0.004683565060183669
ISIC_9674664,0.03060723748225591
ISIC_9676047,0.008415931616036676
ISIC_9676644,0.011700519164688231
ISIC_9677559,0.023642728502995952
ISIC_9677935,0.015725311437139004
ISIC_9679360,0.0055009873008861196
ISIC_9681414,0.0055009873008861196
ISIC_9681634,0.008415931616036676
ISIC_9684090,0.012328910648590203
ISIC_9684470,0.02276706569407167
ISIC_9685490,0.005350620887011314
ISIC_9685762,0.008530478933806988
ISIC_9686337,0.018613614520153192
ISIC_9687740,0.01740123568596671
ISIC_9688400,0.023642728502995952
ISIC_9690092,0.014630199843023608
ISIC_9690651,0.009927804828760723
ISIC_9691681,0.018613614520153192
ISIC_9693172,0.006640600724187732
ISIC_9695660,0.029982022158407822
ISIC_9697692,0.02588051704591062
ISIC_9698083,0.005941811339670448
ISIC_9698522,0.012328910648590203
ISIC_9699455,0.03433809174678591
ISIC_9700357,0.015126664736954419
ISIC_9700398,0.014127256148629088
ISIC_9702840,0.01740123568596671
ISIC_9703604,0.014630199843023608
ISIC_9704014,0.008415931616036676
ISIC_9705000,0.010503558736325164
ISIC_9705679,0.018613614520153192
ISIC_9705839,0.019795822322538497
ISIC_9708175,0.02588051704591062
ISIC_9708816,0.01762965646320111
ISIC_9708917,0.0075476899945982594
ISIC_9710010,0.007772264078099276
ISIC_9710452,0.014630199843023608
ISIC_9710645,0.018069681554864478
ISIC_9711522,0.015466518943151947
ISIC_9714521,0.00598938882998317
ISIC_9715108,0.012131003805092005
ISIC_9715397,0.005941811339670448
ISIC_9716246,0.00842775661452177
ISIC_9718279,0.008056864087086356
ISIC_9718678,0.07419192833972765
ISIC_9718744,0.0055009873008861196
ISIC_9719597,0.005941811339670448
ISIC_9721106,0.009927804828760723
ISIC_9722578,0.00598938882998317
ISIC_9722875,0.008056864087086356
ISIC_9723058,0.0721550682608462
ISIC_9723994,0.03398822797002655
ISIC_9729042,0.019795822322538497
ISIC_9729445,0.008530478933806988
ISIC_9729470,0.008415931616036676
ISIC_9729657,0.015126664736954419
ISIC_9730582,0.012174434661010843
ISIC_9730892,0.009927804828760723
ISIC_9731733,0.0055009873008861196
ISIC_9732518,0.02588051704591062
ISIC_9733455,0.0191434358070837
ISIC_9734753,0.03433809174678591
ISIC_9735478,0.03433809174678591
ISIC_9735859,0.009952575752890295
ISIC_9737195,0.019795822322538497
ISIC_9737559,0.0013631177677732816
ISIC_9737755,0.023642728502995952
ISIC_9737799,0.008056864087086356
ISIC_9737914,0.008056864087086356
ISIC_9738675,0.008530478933806988
ISIC_9738859,0.011700519164688231
ISIC_9739400,0.00842775661452177
ISIC_9740139,0.011707822656926081
ISIC_9740435,0.015466518943151947
ISIC_9741483,0.015126664736954419
ISIC_9741760,0.005941811339670448
ISIC_9742031,0.01689884214140311
ISIC_9742409,0.03203972185253144
ISIC_9742572,0.012629440268433077
ISIC_9743234,0.014630199843023608
ISIC_9744808,0.005350620887011314
ISIC_9745085,0.007772264078099276
ISIC_9746585,0.005941811339670448
ISIC_9747254,0.007772264078099276
ISIC_9750982,0.005350620887011314
ISIC_9751225,0.007835449297397983
ISIC_9751381,0.0055009873008861196
ISIC_9751559,0.015126664736954419
ISIC_9751666,0.019795822322538497
ISIC_9752088,0.014915344873685754
ISIC_9752704,0.03433809174678591
ISIC_9752812,0.004807738528552053
ISIC_9753746,0.02588051704591062
ISIC_9754437,0.003148152939857341
ISIC_9756144,0.005876552154400369
ISIC_9757672,0.0129722229409786
ISIC_9758068,0.005941811339670448
ISIC_9759192,0.008530478933806988
ISIC_9760396,0.03433809174678591
ISIC_9760502,0.03831651051357626
ISIC_9760777,0.012131003805092005
ISIC_9762076,0.02124106680394157
ISIC_9762786,0.004683565060183669
ISIC_9764401,0.015466518943151947
ISIC_9764424,0.008056864087086356
ISIC_9765963,0.008530478933806988
ISIC_9767158,0.005941811339670448
ISIC_9769594,0.004683565060183669
ISIC_9769723,0.004683565060183669
ISIC_9771418,0.03297419037321229
ISIC_9771565,0.024793036214666993
ISIC_9774915,0.005941811339670448
ISIC_9774925,0.012131003805092005
ISIC_9775373,0.0055009873008861196
ISIC_9776988,0.00842775661452177
ISIC_9777347,0.023642728502995952
ISIC_9777743,0.014630199843023608
ISIC_9780160,0.0075476899945982594
ISIC_9780161,0.008530478933806988
ISIC_9780895,0.02257937226692887
ISIC_9780991,0.008415931616036676
ISIC_9781447,0.023642728502995952
ISIC_9781886,0.012629440268433077
ISIC_9782058,0.04222222620740611
ISIC_9782532,0.012131003805092005
ISIC_9782592,0.011700519164688231
ISIC_9783961,0.013768010652633004
ISIC_9785463,0.012131003805092005
ISIC_9785592,0.002920195951381101
ISIC_9786035,0.005941811339670448
ISIC_9786080,0.018613614520153192
ISIC_9786628,0.007772264078099276
ISIC_9787314,0.006959074919684648
ISIC_9787513,0.019795822322538497
ISIC_9788810,0.004683565060183669
ISIC_9789324,0.06654972878673772
ISIC_9789352,0.009794253590667282
ISIC_9790934,0.015466518943151947
ISIC_9790977,0.004807738528552053
ISIC_9791047,0.0075476899945982594
ISIC_9792406,0.009927804828760723
ISIC_9793946,0.02588051704591062
ISIC_9797021,0.029982022158407822
ISIC_9797245,0.009927804828760723
ISIC_9798583,0.012629440268433077
ISIC_9801744,0.008056864087086356
ISIC_9802201,0.005941811339670448
ISIC_9805149,0.015126664736954419
ISIC_9806516,0.011700519164688231
ISIC_9806811,0.018668244138113535
ISIC_9808390,0.007772264078099276
ISIC_9808824,0.001335580035090993
ISIC_9809882,0.02276706569407167
ISIC_9812693,0.04710108907479712
ISIC_9812833,0.02588051704591062
ISIC_9813215,0.014630199843023608
ISIC_9813807,0.02588051704591062
ISIC_9814124,0.09685926462597355
ISIC_9814134,0.007772264078099276
ISIC_9816232,0.008056864087086356
ISIC_9816252,0.008530478933806988
ISIC_9816634,0.005941811339670448
ISIC_9817201,0.0027262355355465633
ISIC_9818247,0.004771489988483082
ISIC_9818727,0.023642728502995952
ISIC_9819127,0.0722848228658311
ISIC_9819477,0.0722848228658311
ISIC_9819541,0.018613614520153192
ISIC_9821590,0.05268520195616736
ISIC_9821912,0.0013156460047165006
ISIC_9825062,0.008530478933806988
ISIC_9828652,0.014127256148629088
ISIC_9829355,0.001271369456480849
ISIC_9829756,0.014630199843023608
ISIC_9830086,0.005941811339670448
ISIC_9833447,0.014915344873685754
ISIC_9835307,0.03433809174678591
ISIC_9836424,0.009927804828760723
ISIC_9838627,0.0129722229409786
ISIC_9839024,0.0075476899945982594
ISIC_9839094,0.005941811339670448
ISIC_9839487,0.010503558736325164
ISIC_9839916,0.014915344873685754
ISIC_9841318,0.03060723748225591
ISIC_9842338,0.03203972185253144
ISIC_9842427,0.002920195951381101
ISIC_9842982,0.01740123568596671
ISIC_9843071,0.023642728502995952
ISIC_9843964,0.018613614520153192
ISIC_9843995,0.00842775661452177
ISIC_9844548,0.014064874825764078
ISIC_9845561,0.007835449297397983
ISIC_9845867,0.0028434929779356626
ISIC_9846010,0.005941811339670448
ISIC_9846074,0.012131003805092005
ISIC_9846473,0.00598938882998317
ISIC_9846836,0.014127256148629088
ISIC_9847082,0.009927804828760723
ISIC_9848140,0.004807738528552053
ISIC_9849474,0.007772264078099276
ISIC_9849915,0.01728583852632074
ISIC_9850411,0.010537040391233472
ISIC_9850663,0.0075476899945982594
ISIC_9851570,0.009927804828760723
ISIC_9852671,0.015466518943151947
ISIC_9853298,0.03433809174678591
ISIC_9854060,0.001271369456480849
ISIC_9855157,0.012629440268433077
ISIC_9857624,0.012629440268433077
ISIC_9857839,0.010503558736325164
ISIC_9858719,0.0129722229409786
ISIC_9862104,0.03297419037321229
ISIC_9862619,0.0721550682608462
ISIC_9862762,0.014127256148629088
ISIC_9862865,0.023642728502995952
ISIC_9865184,0.002920195951381101
ISIC_9866896,0.012629440268433077
ISIC_9868655,0.03433809174678591
ISIC_9869618,0.004771489988483082
ISIC_9870231,0.014630199843023608
ISIC_9871669,0.010503558736325164
ISIC_9872186,0.009952575752890295
ISIC_9872363,0.00987847536678138
ISIC_9872694,0.01740123568596671
ISIC_9873122,0.012629440268433077
ISIC_9873208,0.03019259795930689
ISIC_9873883,0.0191434358070837
ISIC_9875614,0.004683565060183669
ISIC_9877452,0.011700519164688231
ISIC_9882513,0.015126664736954419
ISIC_9882710,0.022212847455476865
ISIC_9884970,0.008530478933806988
ISIC_9886150,0.004771489988483082
ISIC_9887854,0.015126664736954419
ISIC_9890091,0.014127256148629088
ISIC_9893755,0.0075476899945982594
ISIC_9895171,0.019795822322538497
ISIC_9895240,0.015466518943151947
ISIC_9897022,0.031127334649255597
ISIC_9899809,0.013768010652633004
ISIC_9899824,0.006640600724187732
ISIC_9901041,0.04350308921491678
ISIC_9902384,0.0075476899945982594
ISIC_9903236,0.0129722229409786
ISIC_9906784,0.009927804828760723
ISIC_9907148,0.007835449297397983
ISIC_9907826,0.018069681554864478
ISIC_9910831,0.010503558736325164
ISIC_9911183,0.0129722229409786
ISIC_9911568,0.0075476899945982594
ISIC_9911882,0.0013156460047165006
ISIC_9912997,0.013768010652633004
ISIC_9913433,0.02588051704591062
ISIC_9916252,0.012131003805092005
ISIC_9916306,0.00842775661452177
ISIC_9918495,0.03433809174678591
ISIC_9919871,0.02276706569407167
ISIC_9921046,0.007772264078099276
ISIC_9921514,0.015466518943151947
ISIC_9922988,0.014915344873685754
ISIC_9925152,0.012131003805092005
ISIC_9925177,0.019795822322538497
ISIC_9926068,0.008530478933806988
ISIC_9926395,0.031127334649255597
ISIC_9927447,0.012629440268433077
ISIC_9927584,0.015466518943151947
ISIC_9927724,0.005941811339670448
ISIC_9927852,0.002920195951381101
ISIC_9928214,0.004807738528552053
ISIC_9928802,0.005941811339670448
ISIC_9929302,0.05461988606727832
ISIC_9930189,0.011700519164688231
ISIC_9930607,0.03433809174678591
ISIC_9931144,0.032818041260116185
ISIC_9931481,0.0055009873008861196
ISIC_9932650,0.015466518943151947
ISIC_9932714,0.014630199843023608
ISIC_9935338,0.015126664736954419
ISIC_9936277,0.023642728502995952
ISIC_9937461,0.005941811339670448
ISIC_9937768,0.007772264078099276
ISIC_9938017,0.015126664736954419
ISIC_9939951,0.018668244138113535
ISIC_9940478,0.008056864087086356
ISIC_9941030,0.012629440268433077
ISIC_9941424,0.012629440268433077
ISIC_9941666,0.015126664736954419
ISIC_9941770,0.0013631177677732816
ISIC_9943876,0.011707822656926081
ISIC_9944611,0.007772264078099276
ISIC_9945261,0.008530478933806988
ISIC_9948144,0.004683565060183669
ISIC_9948221,0.010537040391233472
ISIC_9948885,0.014630199843023608
ISIC_9950945,0.015126664736954419
ISIC_9951257,0.008530478933806988
ISIC_9951368,0.011700519164688231
ISIC_9951402,0.03203972185253144
ISIC_9952355,0.012131003805092005
ISIC_9952818,0.015126664736954419
ISIC_9954377,0.07128086699269456
ISIC_9955398,0.004683565060183669
ISIC_9955410,0.015466518943151947
ISIC_9956468,0.015126664736954419
ISIC_9957341,0.008056864087086356
ISIC_9957368,0.0721550682608462
ISIC_9960485,0.00987847536678138
ISIC_9960583,0.001335580035090993
ISIC_9960678,0.00842775661452177
ISIC_9960693,0.004683565060183669
ISIC_9961370,0.023642728502995952
ISIC_9962990,0.008056864087086356
ISIC_9963263,0.023642728502995952
ISIC_9963289,0.029982022158407822
ISIC_9967412,0.0129722229409786
ISIC_9968023,0.014630199843023608
ISIC_9968300,0.07128086699269456
ISIC_9968928,0.004807738528552053
ISIC_9969308,0.031127334649255597
ISIC_9969800,0.023642728502995952
ISIC_9970992,0.03203972185253144
ISIC_9972828,0.03203972185253144
ISIC_9973011,0.032818041260116185
ISIC_9973102,0.014630199843023608
ISIC_9975957,0.008056864087086356
ISIC_9976054,0.002920195951381101
ISIC_9976538,0.004771489988483082
ISIC_9978346,0.005350620887011314
ISIC_9979369,0.06560684379920026
ISIC_9979673,0.007835449297397983
ISIC_9980216,0.03060723748225591
ISIC_9980453,0.012328910648590203
ISIC_9982380,0.012629440268433077
ISIC_9982577,0.009952575752890295
ISIC_9982814,0.015126664736954419
ISIC_9983015,0.03060723748225591
ISIC_9983147,0.012328910648590203
ISIC_9983668,0.01663743219668443
ISIC_9986023,0.012328910648590203
ISIC_9987035,0.0075476899945982594
ISIC_9987545,0.005509267644750346
ISIC_9989537,0.008415931616036676
ISIC_9989558,0.012131003805092005
ISIC_9990202,0.0075476899945982594
ISIC_9990629,0.014127256148629088
ISIC_9991958,0.006296305879714682
ISIC_9992226,0.014127256148629088
ISIC_9992485,0.005941811339670448
ISIC_9996992,0.004683565060183669
ISIC_9997917,0.03297419037321229
ISIC_9998234,0.018668244138113535
ISIC_9999302,0.01689884214140311
